478
158
225
362
332
83
131
177
106
328
259
497
396
499
104
93
32
315
30
98
64
209
289
244
253
107
253
173
419
510
81
499
419
227
279
124
242
125
486
246
169
89
458
376
153
4
264
41
475
77
259
367
337
358
21
410
415
443
203
445
72
31
363
175
194
292
33
482
50
201
257
28
112
29
279
339
132
27
240
229
405
195
170
333
340
294
60
350
59
46
272
226
148
95
322
20
60
263
311
89
354
152
285
419
45
215
231
289
62
264
32
326
403
30
2
366
384
271
425
223
475
251
39
229
192
173
199
510
461
316
315
117
191
257
48
288
126
347
330
360
166
133
78
406
138
54
98
6
58
492
298
55
44
373
509
101
80
235
139
450
129
260
192
107
247
396
231
238
365
96
257
422
213
318
409
372
287
299
75
206
26
209
113
137
107
172
335
247
222
493
65
217
211
429
465
161
456
59
346
451
42
62
434
66
3
437
369
260
216
253
496
298
246
162
434
92
242
209
410
145
395
385
281
406
13
165
233
334
168
434
81
25
318
218
491
6
321
168
420
59
420
157
42
155
311
245
234
114
507
273
300
296
372
56
387
172
174
178
282
136
419
133
185
28
72
93
291
327
97
332
440
202
367
342
110
77
389
412
52
450
121
104
461
49
257
374
256
137
382
12
64
473
3
278
356
394
316
459
3
63
402
76
92
80
449
181
42
142
266
237
3
439
436
123
421
195
335
407
182
22
130
271
184
511
474
325
423
63
187
496
150
371
199
192
306
479
359
212
366
83
394
202
479
142
258
212
469
397
55
494
114
413
230
329
181
102
240
409
478
271
421
262
480
0
152
95
229
492
496
317
178
236
351
157
210
116
359
439
392
325
16
65
113
394
62
65
107
257
481
45
137
409
5
385
90
463
120
96
464
197
151
476
26
78
254
296
296
386
196
487
96
310
31
206
493
21
274
175
197
289
500
252
26
177
151
9
210
436
205
185
9
115
362
354
159
78
19
51
351
385
256
310
219
450
225
194
464
348
210
282
212
61
302
420
411
275
23
294
307
337
380
167
68
241
362
260
365
483
337
434
118
252
510
446
405
3
483
259
424
304
327
490
127
420
399
282
148
96
72
443
346
317
498
245
365
19
84
472
304
150
473
291
60
103
263
318
135
364
242
268
68
396
