511
511
509
508
508
508
507
507
507
507
506
505
505
504
504
503
503
500
499
499
498
498
496
496
493
490
490
490
490
489
489
487
486
483
483
482
480
480
479
477
476
475
475
475
473
471
469
468
468
468
467
465
465
465
464
462
462
461
461
461
459
458
452
452
450
449
448
448
445
445
444
443
443
440
440
440
438
437
436
434
433
431
428
428
425
425
424
424
422
419
419
418
416
414
413
412
410
410
409
408
407
407
405
405
402
401
401
401
401
399
398
397
395
393
389
389
389
388
387
386
386
386
385
383
381
380
377
376
376
375
374
371
371
371
369
369
369
366
366
366
364
364
361
359
358
357
357
355
355
353
352
351
351
351
350
349
348
347
347
345
345
344
340
336
335
335
334
331
329
329
327
327
327
327
325
324
322
321
321
320
320
318
318
318
317
316
315
315
314
313
313
313
312
308
308
307
306
306
304
303
301
300
299
297
297
296
296
296
295
295
294
294
294
293
292
290
289
288
286
285
285
283
282
278
277
275
274
274
273
269
267
265
262
262
260
257
257
256
254
252
252
251
250
250
250
249
249
249
248
247
247
246
246
246
244
244
242
239
237
236
234
233
233
232
231
230
229
229
227
225
225
224
224
224
224
223
222
221
221
217
216
216
215
215
214
213
211
210
209
208
208
207
206
205
204
204
201
200
200
197
195
194
193
192
192
192
191
190
188
187
187
187
186
185
183
183
183
181
181
179
176
176
175
174
172
172
171
171
171
169
168
168
166
163
162
161
160
160
160
159
159
159
158
154
154
152
152
152
150
149
149
149
149
147
147
147
147
146
142
141
140
139
137
137
135
135
133
133
132
131
125
124
123
121
121
120
119
118
118
117
116
111
110
109
109
103
103
102
101
101
100
100
100
98
97
96
96
96
96
95
95
93
92
92
91
91
91
90
89
89
88
88
87
86
83
83
83
82
81
81
80
80
79
78
78
77
76
76
76
75
74
74
74
74
73
71
71
70
67
67
66
65
63
60
59
59
58
58
57
56
54
54
52
52
51
50
50
49
49
48
47
46
45
43
42
42
42
41
40
39
39
39
39
38
35
35
33
33
31
30
30
30
29
25
24
24
22
22
21
21
20
20
19
19
18
18
17
16
14
12
11
5
5
5
5
4
3
3
1
0
0
0
