0
4
5
5
5
6
7
7
8
8
9
10
13
13
14
14
14
16
16
18
19
21
22
23
23
25
26
28
28
28
30
31
32
32
33
33
34
34
34
36
37
39
40
40
40
41
42
43
43
43
44
45
46
49
49
50
51
52
53
54
56
58
58
61
63
65
66
66
70
70
70
73
73
73
73
74
75
76
77
78
78
79
80
80
81
81
83
84
85
86
86
87
88
89
91
91
92
93
93
95
95
95
95
97
97
99
100
101
101
104
104
106
106
107
107
108
109
110
111
111
113
114
114
115
116
116
118
118
122
123
124
124
126
128
129
131
132
133
133
134
134
135
136
137
144
145
146
148
149
151
151
151
153
153
154
154
155
155
155
156
156
157
157
158
158
160
160
161
162
163
164
164
167
168
168
168
169
169
169
171
172
173
174
175
175
179
181
181
181
181
182
184
184
186
187
188
189
192
193
194
197
197
198
198
199
199
200
200
201
201
202
204
206
207
209
209
211
212
212
213
213
215
215
216
219
220
222
224
225
225
225
225
226
227
227
229
232
232
239
240
240
240
241
243
243
247
248
248
250
252
252
252
252
253
253
254
254
255
255
257
258
259
262
262
262
262
264
265
265
265
266
267
268
269
272
272
274
275
276
277
278
278
278
279
279
279
279
280
280
280
280
280
281
281
282
283
283
287
289
290
291
292
292
295
296
296
298
298
299
299
300
301
302
303
303
303
304
304
304
305
306
306
306
307
307
307
307
309
313
314
316
316
317
317
320
320
321
322
324
324
326
327
328
329
330
331
333
337
340
341
341
341
343
343
345
346
347
350
351
352
354
355
355
355
356
361
362
364
364
366
366
367
367
367
368
368
368
370
370
372
373
373
373
375
376
376
377
378
378
379
379
379
381
381
382
383
383
384
385
387
387
387
389
390
393
394
397
400
400
402
406
407
408
408
409
409
410
410
411
412
412
412
413
414
415
416
417
417
418
418
418
420
420
420
422
424
424
430
432
432
432
433
434
434
435
435
436
436
436
437
437
438
441
443
443
444
445
446
449
450
452
452
452
455
457
458
458
458
458
459
459
461
461
461
465
465
465
467
469
470
471
472
472
473
473
474
474
479
481
482
483
484
484
486
487
488
489
491
492
492
492
493
494
496
499
499
501
505
508
508
510
510
