864
3250
6946
4671
728
2718
919
3737
2279
3930
3523
4233
7234
356
6030
958
5905
5135
4956
989
7143
6906
5466
5877
4311
1764
6966
2986
584
5969
1237
7449
1843
5456
6326
787
2211
5238
1471
3550
5979
5334
7577
4125
708
890
690
5325
6278
6382
2657
5276
526
626
6277
3708
64
6978
3185
5844
2707
5622
4763
6134
3431
6352
5560
5697
7154
2345
7863
5328
236
967
1739
7789
4429
817
6084
1142
2101
4591
7882
6784
2742
6947
2961
1961
240
626
3718
138
925
2843
3702
7616
4580
3894
7655
2161
936
4168
1780
6392
6148
7888
3632
4074
5253
7514
4789
7849
6765
1971
352
93
1660
3181
4864
1248
3944
6580
7694
7640
2302
1504
3926
4184
3446
230
5495
5138
3686
7986
7345
4878
226
7549
6452
7266
1842
3162
6398
2215
7406
3391
3899
7125
7517
5212
7696
4123
2883
975
2718
4758
4885
1685
3899
5755
5744
5736
5056
2144
4997
8107
6433
6361
7777
2171
3340
7817
5716
6254
4870
6438
3840
555
2089
3788
4864
325
5718
6697
4815
3220
6188
4681
1294
3025
7845
7621
3051
1030
7901
2681
3178
965
8041
4995
8051
0
6301
4508
173
5991
1295
6844
5117
4788
5649
5266
2848
4072
5287
6459
7004
7048
1717
2288
1846
7710
2710
3878
5991
3813
6079
2403
5012
2202
8013
1222
2738
3125
1511
7184
4040
1332
6585
6716
5679
426
7898
3015
988
3072
4762
897
4992
1638
7588
2673
3925
6099
6036
29
1983
214
48
7816
157
6816
4839
6329
4802
4330
7554
954
8028
6854
5937
730
77
8156
3130
4641
1719
6060
242
3759
3752
1001
5534
7632
5514
6522
3773
1840
1791
2209
7505
6836
1509
5309
7875
1549
2012
665
5800
5960
1329
4023
7667
685
2985
2317
7279
7512
2272
6921
4629
6123
506
7473
5686
407
2037
6903
115
5567
6040
3392
3015
6662
1529
3530
6152
3242
2634
1511
1527
2429
805
8048
5414
3913
7802
7141
4405
6057
6083
3335
3235
1052
3600
6865
1398
1427
2202
4693
5025
7268
4876
5086
4354
5569
1140
7318
915
1453
6773
7226
8064
5073
3427
4140
2285
6371
5973
7296
161
7527
6622
5987
7462
1316
6881
7022
5799
1649
4346
6037
4471
7680
3356
8094
1780
5837
2947
2236
2487
4345
8156
5764
4942
4871
3325
5107
4079
3874
6764
8061
8186
7330
3502
7927
950
91
2595
5515
7246
6642
1918
6319
6398
3336
6029
3924
6741
5583
3274
4464
5383
784
1747
571
49
5204
2927
3038
417
3454
1404
2015
2275
7589
7159
6717
4846
1625
863
207
3199
7939
1715
6355
5641
848
6200
1461
3756
6185
5055
6347
6311
5110
6057
6006
2432
8083
1450
3293
6820
7976
1438
4159
5889
2529
2509
1280
5197
4705
8184
6552
863
4952
4429
2925
512
1056
407
935
6929
4384
4755
4382
1937
3779
4306
1571
2180
3559
1528
5180
1102
444
6874
3556
1246
619
6155
7950
2300
6859
186
5460
4267
2804
1818
7903
2284
1104
7296
3386
4523
2227
2989
5849
976
5290
7041
2567
1472
6344
7849
4752
7674
3501
4240
1886
3417
5530
7703
7450
123
1270
3527
6899
1529
6272
981
7752
1841
2348
5188
1182
3686
664
6737
6086
955
6497
4608
1882
1244
6737
2698
3033
7858
594
75
4794
1080
6361
8144
414
6898
4659
7013
6868
5148
278
6173
6497
6194
2505
5660
832
141
6058
359
7072
3762
2003
2504
7451
8013
2758
2972
3264
4811
146
3292
8005
5080
7188
3075
3321
5686
7422
5133
5121
5990
855
6538
6498
7052
6811
4244
752
2442
1178
4597
4682
2527
4121
7630
324
6829
3219
537
2481
4041
7267
3980
4962
5451
2651
7398
530
2035
4046
7198
7079
6761
3192
1065
4574
5164
2436
4939
4818
1181
825
1630
6091
1787
4594
4944
5071
3488
1237
3536
614
2843
525
1066
6663
56
197
2418
7465
2703
8100
389
2470
5073
1139
3066
4259
2504
7166
5416
1247
2800
1918
4306
4319
3502
7837
4773
7084
6937
1781
6477
336
115
6532
2809
7396
975
7290
5895
7495
5002
1005
2749
3006
2085
3507
2456
5777
1997
4199
8012
3434
3751
7462
229
3618
155
2224
5682
7226
338
7258
7277
3053
4686
2523
3040
4110
6212
7345
189
6404
4149
5692
2159
7678
4118
3902
7463
7923
1526
2372
5850
2542
1261
2669
6029
4291
4309
2469
3349
2547
7046
6360
3487
3966
7907
4822
5267
7726
4967
2575
2932
6019
5284
525
5065
7987
829
6926
5262
3259
5687
476
1642
7985
429
3433
1353
4685
2003
602
698
93
6543
4581
3840
841
4941
5849
17
6305
3186
4828
7632
7775
7281
5332
909
2125
7974
7674
7151
1753
3617
6134
2023
634
3566
6145
2716
724
5021
2489
3274
4350
1088
4390
4693
7320
7980
260
2675
7363
3423
3616
2110
6871
3283
7796
6825
5869
1497
5377
2508
4899
130
4842
3490
6517
2760
467
7003
1327
1333
1474
4182
5103
3613
757
4206
1267
6833
5098
4431
6612
5849
7815
2247
7390
1391
918
4434
1913
3291
1868
3658
7034
543
3625
2863
6034
5253
623
7562
1238
6871
1067
868
6786
186
6701
6248
4873
227
6413
1255
4535
6015
6561
6661
2666
552
6326
5248
791
4179
4117
2032
880
1640
7252
2192
7301
4509
1590
7040
1678
1641
927
4248
2845
3806
850
2024
2427
5563
1940
5929
5102
1828
435
5514
7237
2541
1617
709
2774
5981
3839
5094
4600
1244
7557
5779
1725
4805
1134
1271
3038
708
136
4511
2638
5528
4904
7587
1780
763
3280
220
2892
6342
5783
1090
6717
5878
7172
4843
5088
7223
7363
2177
3641
3105
3319
5437
6102
3301
2211
3107
1881
5430
3312
2049
5540
7521
7927
1000
1555
4542
1633
811
2985
1049
4249
4695
5058
1676
4816
5531
3891
6298
7176
7411
256
1460
399
6803
5291
2828
7681
3741
4268
1834
639
7423
763
7669
3251
1004
2554
7073
4260
5937
5749
3468
1405
6622
4020
6544
2795
2185
419
1124
939
3102
929
4936
5485
4356
1223
1847
715
386
6382
7463
292
163
1147
3631
2152
5117
2380
3737
8180
5536
3540
171
7016
1742
3901
4230
4858
2730
5382
6347
2330
5471
4457
6821
1302
6097
3505
1984
102
1015
5927
1808
6892
7155
1934
4177
3972
1124
5088
1392
1597
4818
7153
698
5510
238
1889
3008
2285
1210
3393
2996
1993
551
5606
4280
7551
7989
8041
1811
7049
1543
910
4545
7262
5114
4785
2225
3789
3932
950
6283
5049
6626
6252
4948
1063
265
3436
6512
6041
2440
2629
4175
4907
1896
479
929
366
4149
6770
4750
1838
4736
5251
245
3316
3353
5978
8085
2158
3515
3887
5882
2667
4945
5126
6019
2969
2369
663
3834
4685
1769
2853
1903
4299
3389
6527
4319
5930
266
4900
6837
2133
1344
1970
2969
127
320
6030
8090
253
6107
1043
3080
7125
427
4229
3990
4577
4607
7322
2227
1610
4469
1067
3521
6274
3764
7389
6983
3457
6567
3570
8083
4897
3826
4007
7961
2303
355
264
1961
2725
4755
1298
6056
5325
5027
2308
6716
903
6104
4681
3743
7943
330
4903
362
4315
7881
2215
2245
6256
6439
4372
1746
5505
4299
5522
1210
4666
1825
2588
5661
2783
3466
5519
2931
1861
7109
920
8039
6995
5544
7876
304
4840
2135
4698
6274
4720
4741
4783
4547
7095
4851
7167
4726
3209
2993
866
2183
65
6686
2202
3755
2258
1481
5451
1636
3808
1783
3889
7470
2688
597
7145
2125
178
2964
7571
4165
8133
5281
4634
7598
392
3494
3726
2161
2452
4092
4450
2895
5945
1203
3195
4199
3000
2578
6997
5807
7865
4101
3555
8138
7395
2718
7555
4019
2216
3612
8116
5288
625
3641
5170
6527
6312
4424
7523
7344
6395
4041
1437
5748
7327
5690
1569
5243
802
1441
5052
6359
7437
2665
624
1485
5576
1576
2002
5229
6588
6228
628
3676
3711
1497
7894
6685
939
2034
6972
324
5614
54
418
8186
1988
1669
4688
995
889
4126
5649
7082
7847
4211
7429
7888
6715
330
3400
7951
5082
696
6391
3874
6120
6877
4898
6936
7023
3363
6772
2874
4883
2884
1254
6658
2976
3929
5458
4573
7008
5809
7565
1481
2119
174
1956
4479
2424
1005
187
1798
5908
2163
3443
4814
7537
7994
5050
3575
5213
1124
897
4620
869
6452
3020
6609
1971
6748
6589
8180
2554
7476
891
2561
3034
4382
1800
6462
3906
3714
5069
4680
1137
3024
3973
7830
5926
4373
6451
2579
1462
7182
1979
6525
8014
3211
4090
6759
7934
4771
7676
2073
3992
460
3501
5960
5675
158
4523
3035
4348
896
5218
7103
1303
7638
815
7114
5268
4824
26
4585
737
7423
5584
5532
6416
7013
2197
5368
3426
6147
4942
2865
5591
838
4344
4579
4513
7198
3017
4538
4974
2754
7039
5100
906
5557
7743
2880
4537
6827
4415
5549
1413
7159
1156
196
1284
41
7192
172
8063
434
6936
215
4721
3279
5733
3501
1156
4604
5618
486
2627
3999
6423
6804
6057
3666
2853
5206
6347
1457
7342
4419
3787
2182
6627
2021
6628
2196
364
1631
6746
4072
7303
1820
6398
6597
2486
756
804
4059
3610
231
7706
3959
6656
6288
3716
2403
5189
3911
2288
2416
7106
4104
7446
1980
2528
5970
6796
6347
3082
5233
5825
6385
5081
4872
2213
5105
6289
3714
4586
5419
1134
5766
7215
5655
6333
3546
1862
407
553
2310
804
3712
4110
5612
2839
3394
5603
512
5146
7564
3642
4399
2349
3019
4851
1889
3135
1694
6241
6742
3500
5
8045
3063
1804
3691
4387
2143
4077
918
7749
3705
7837
837
2162
1347
3584
5719
3186
4888
2488
4810
5687
1796
282
1624
3188
5734
614
1394
3434
7984
4075
742
3682
7656
4914
6404
2881
2080
1923
4468
5542
3158
599
2332
4503
7751
5165
7122
2926
448
3350
6533
4499
7032
4583
8000
3935
6557
2569
5272
4717
7002
4403
4334
2382
2332
2572
6503
8134
7528
3912
2327
7087
4578
7359
3170
2470
4820
3746
2423
7561
5505
6674
6647
7047
7460
363
3937
5707
866
217
297
509
1806
6161
907
7461
6372
6844
565
6277
2423
401
7739
6018
1782
988
2696
249
4764
4443
3741
2225
2925
6517
3680
6051
1364
11
4664
6677
519
6821
5330
511
8042
864
2285
4873
4528
1044
6637
4602
110
3852
1986
2197
3692
6074
646
113
5721
6543
4587
3235
4756
5499
1674
2232
7222
6164
1645
6000
2218
673
5978
1799
3524
1469
7699
2158
469
7864
1220
1357
5258
4614
5635
2519
4818
2774
1945
7243
6081
4450
453
3804
116
3054
813
7450
5811
3074
2126
823
743
5026
5419
5280
273
1913
2808
4742
7338
5239
7908
1433
3214
7141
5533
728
3396
2984
1076
3796
1414
1517
5500
1875
6980
2647
1965
6491
6113
2493
1064
807
6705
3473
2843
2502
7457
5074
3050
352
6393
759
7823
2788
1263
6068
4399
934
439
5736
1047
4817
7950
1296
2317
5523
5230
3955
4419
84
3217
4510
309
1803
3699
6081
6842
7982
6495
246
791
7848
4942
2428
2803
74
4153
3814
7046
3451
3204
4750
921
8002
6033
2895
57
1290
3955
6171
1840
1018
3277
3446
2620
6417
4968
3125
4110
378
7096
330
1338
1100
6320
1168
3741
4232
4634
712
3374
239
1868
4163
2891
6733
5784
7418
5893
2271
4487
3355
4583
6660
7098
4541
3410
8022
627
6705
5162
207
7056
8034
6151
3013
6748
4222
4482
3702
3685
4266
5091
5454
3877
2637
2058
6947
4448
1278
2935
5469
954
3676
8185
227
6273
4275
5238
7171
358
643
7181
7042
3511
52
2083
7290
6174
3151
2092
2928
7709
7660
4762
8
5946
2613
6465
4621
4899
4366
5771
1705
2488
5478
1676
6750
386
3149
2594
6457
3129
1573
6763
5042
8065
480
6416
4360
6076
6319
7394
5369
7348
1379
3134
4587
3489
4070
1711
6084
6133
7593
6489
1039
5844
7518
2943
4883
6178
3187
4154
5512
8187
4370
1967
5106
4860
1804
6355
1674
6982
2664
5903
1075
1370
6424
3460
7307
1953
1577
1055
5669
2543
7308
5926
6404
7554
2682
303
722
2872
3418
7559
6828
5460
3544
2838
586
8148
4593
1964
3154
390
3714
7027
4693
1266
7951
4030
1081
5836
6924
5977
7195
4439
4524
4005
321
5501
4449
3886
992
6820
3114
3154
5441
3056
4055
8051
3459
4414
7499
2567
5072
4253
1752
310
7152
5668
3043
1276
538
4139
6552
1887
6545
2022
1300
1423
4577
7344
715
6262
2857
5043
3437
450
7789
7401
3967
6270
3836
2809
7861
221
6209
1944
7629
3627
7493
6897
2691
7160
6585
6706
5702
8110
5678
7176
2165
876
7511
7715
174
7830
715
4939
5720
196
1335
7284
4609
6519
5750
5269
3477
4447
8053
6054
3137
1651
7368
8033
3886
7356
4633
7546
7865
971
561
3100
5995
6426
2036
351
4720
8077
2185
177
4215
4112
658
5193
7356
3341
6802
7987
1755
7247
2555
7544
5759
5380
676
5254
1715
3779
541
5434
6253
6796
7723
624
150
4922
7005
960
2387
5564
6409
1992
6611
523
1231
5175
2344
6752
2825
2442
1072
7932
8074
446
4869
5583
2084
3864
7119
5531
5822
419
7834
162
5411
2798
3714
5887
7139
8157
2073
2159
1836
919
7194
4788
4929
3459
2930
2615
2139
1399
6563
3212
6325
2560
4375
6104
6908
581
7028
3965
1944
7406
8174
70
2131
6656
2858
4476
5809
5205
6454
4483
6667
5174
5239
5072
6612
5161
2263
3599
1152
4528
3206
4905
383
2778
4742
5870
246
6071
4871
276
4009
3700
7957
1144
5830
61
769
4656
562
3190
5738
2378
1658
1966
4121
2961
7424
652
763
2376
3327
7471
2339
2568
8130
5157
7031
5587
7481
4797
305
2899
1135
5253
4036
1950
1619
1534
2721
3010
5308
7921
2167
1533
5905
965
6924
4797
5262
2120
6629
829
1317
7556
7857
4683
8075
3803
6301
3655
1313
5510
5700
3160
7934
2176
3355
5817
4398
7891
7659
2266
7289
4310
5560
5158
5113
1124
2786
2288
1365
7472
1698
1602
257
5290
1966
1739
3662
3573
5634
6109
3301
2206
7366
7267
7367
2792
7785
7692
7232
1729
4033
6073
2616
7773
236
1800
2300
4314
2078
3424
4193
3018
4950
6197
5310
223
1129
6352
4074
4976
1662
1669
4675
3791
4046
6321
1014
6536
1202
1332
3282
3137
3413
7443
1711
1865
4412
3378
1972
1602
2921
3719
2949
1700
2895
3004
7325
8081
4915
2461
598
7075
4755
64
793
6997
4506
3466
706
4872
1462
16
6327
1797
1490
6192
136
3491
1336
919
7165
6233
4974
4877
6095
6566
6157
2675
3090
2697
2807
6038
6221
4956
1160
6537
7781
2126
7660
7245
3380
7529
6941
5876
5615
3691
2477
5333
660
5562
7054
3901
5381
7072
4644
5897
1139
3993
4588
5107
118
484
2019
3571
198
2139
7288
1364
6750
762
1109
1414
1957
5059
2038
593
7773
697
4517
5516
1231
3289
2669
2275
479
17
7944
2971
4777
8019
828
4085
1159
3419
6375
7805
213
5791
5463
7523
6896
3207
6418
5174
4640
5169
1883
7495
4052
4827
1878
8043
6802
1420
5084
7749
2564
832
3071
7740
898
2912
3945
6386
5562
4665
7507
370
5782
762
2555
1461
4279
1531
88
6999
7472
7445
1176
1467
6581
3992
1445
3059
5224
2515
1288
1771
3079
2464
189
2327
7671
6118
7803
3943
7395
5824
796
783
7855
2407
1960
1727
7230
6769
4324
2738
4401
4860
1330
3528
6099
7208
3758
4486
4616
2498
205
4194
1829
7715
5670
6755
3219
57
2721
2045
6282
5972
262
209
241
7340
7987
6550
3969
3073
539
6884
2445
5094
7633
5716
4946
6621
480
3703
3468
7238
1360
8109
1833
2219
4229
4561
5059
3136
4506
193
5151
2357
2510
4283
3601
6617
914
3481
6537
880
6844
5975
6701
1462
3950
5998
4459
794
3288
2026
3958
3760
5754
5714
24
7555
3488
1092
1818
6262
1429
3036
8012
2838
6929
7050
7112
4693
1703
4933
8148
6305
3937
8093
4261
1994
7648
4520
8116
7761
2084
1875
4729
660
6421
4438
3644
4806
1816
6716
4729
7504
5582
2477
3117
6403
1007
582
1388
5423
721
3449
2198
6979
7432
402
4029
4350
849
1088
5692
1790
4373
4531
1146
700
7229
5872
6125
3237
4892
5525
1063
2135
1527
665
3693
6343
2847
2082
2044
2913
1695
393
5687
8071
4313
1229
2334
805
5612
458
4260
8077
773
5034
1463
7146
6575
6753
4425
3734
1402
7130
2860
5948
2653
5234
7560
3720
5289
6996
2049
4825
3130
7165
4313
3892
7795
6442
2621
3447
7508
5882
5091
4996
1771
6983
278
1735
6894
5206
702
2899
442
3585
5591
3326
5943
4053
5091
7925
2388
5861
6814
6064
7058
7776
4615
6223
4878
5458
4196
4439
4915
6421
3774
6366
1009
3471
7436
2994
7364
1931
3719
3837
5308
3080
5250
3429
1203
4835
3717
2917
3500
2781
6878
2449
7945
5815
7098
4078
1885
4331
6010
2171
894
1719
7784
5964
7487
354
5107
882
6132
3250
2017
2012
1341
1094
3326
1599
7681
4233
344
2983
7690
8067
384
7080
7039
7274
6907
3510
7838
7788
2849
4768
737
7524
4789
4198
527
1148
2981
2364
5125
6776
1708
3755
593
4952
6827
7267
6432
8179
4251
7657
1944
5610
2504
5951
4373
7756
8088
6159
6497
3021
5340
5034
3086
4968
3646
2580
7553
256
3963
6705
3330
1208
4938
5137
4400
2677
1153
2021
7728
2308
1333
6414
835
7585
3475
1174
4107
2791
5664
2518
1552
5639
7601
7400
6966
6454
6778
7368
1132
4901
7207
5320
582
6621
6349
1388
361
5208
658
5242
5651
4049
2915
2256
1132
2768
3393
308
6341
6783
6005
6227
4208
196
7436
6783
3715
7881
3601
5723
660
2339
7492
3672
5858
2966
4343
6175
3334
282
1200
7202
5895
6734
3523
6833
5291
2076
6225
6085
2943
3912
2368
7924
3207
1803
528
8041
1558
4006
2488
2394
8056
8130
6760
542
1051
985
3607
456
7126
3773
4806
6795
2985
4735
5509
2216
4042
5091
3947
3383
7828
1948
1214
7734
3605
2545
7513
7673
4014
5889
5802
2351
5147
3526
1334
3054
6982
5636
2017
2795
5540
263
8070
2095
7753
3280
4154
3571
766
7420
2906
4262
1287
7339
2858
416
1440
1037
4968
7682
5880
2947
39
1635
2850
1288
4591
6176
6755
3950
5571
5522
7309
5288
5645
3252
3275
2414
2624
283
965
7249
963
436
2723
745
1853
5295
933
4016
6223
5957
7881
1968
7221
5371
1711
7200
405
7709
3687
1403
4604
448
7875
5842
6684
4404
7410
5115
3870
1325
2769
1328
1848
2984
24
3242
1843
7822
1889
4845
6062
2348
2842
2814
5783
3235
282
5390
8082
5870
5707
1465
2891
4155
2209
177
1195
2795
3481
1954
1505
4706
1360
3827
7276
494
1194
1287
7352
3829
6897
3369
7619
1635
5671
4535
957
4223
5917
5364
8132
5316
5152
4656
2159
1114
1961
4879
7073
5020
3656
7943
3693
7593
3749
3854
1669
844
736
758
6752
7337
490
5238
8105
5907
3749
2464
4306
4311
7930
2840
3246
895
3194
8004
5857
5756
3395
3927
3078
114
2564
3864
7844
7164
2402
3790
7677
5535
926
5274
1703
2397
4837
2466
4810
5636
3434
895
6632
515
5185
6938
2099
7323
2568
7556
6797
2097
2446
3619
2104
1452
3458
7914
3320
160
2561
4709
4430
2710
1947
7125
6124
944
2164
7835
6455
3375
1059
5480
6803
7538
2935
4098
2652
4262
591
129
1065
773
7337
6681
7879
6846
1724
7936
2412
5544
2818
2455
4035
6369
251
80
354
278
2465
6170
3394
3441
6693
218
464
4890
2061
1734
7156
1502
4955
2986
4677
7009
143
7403
6285
8152
5061
3371
7217
4523
4141
1957
5493
7143
7364
7782
6315
7817
1497
7239
7580
3636
1513
6659
6464
1005
4753
4257
7075
6323
3787
207
3422
5736
6653
299
1034
1314
6293
1758
7610
3026
3194
4569
6532
4869
292
4961
1098
5582
7146
4301
8144
3343
1447
3823
8083
6990
3718
6521
1503
1758
416
7411
8183
5203
1487
5783
4536
8171
1109
1022
1777
895
7534
4128
4155
1691
7838
6168
772
1252
2565
6078
1447
1395
6698
5256
1423
4270
4789
2379
2588
1839
1861
3491
1899
4919
1109
6837
2420
3443
7741
5459
2144
5706
7719
3359
3753
7332
6156
4724
5343
4298
6727
3566
3861
2739
952
4473
6020
1405
3900
4483
504
609
6339
1519
6255
5579
2430
3585
6579
2285
6473
3606
4190
182
4332
4742
7733
5052
5391
7799
5534
795
2538
4339
1739
4659
1959
1500
646
4533
4853
2750
3705
7189
1958
4435
91
2931
4447
78
6607
4522
5191
3932
7348
5126
817
4973
2592
6677
4171
6235
7781
1620
7010
488
7334
176
1435
6284
7792
4283
5956
7537
4262
7129
2774
6518
7472
461
3788
6775
1992
3132
5786
4873
2677
8027
1621
6695
3953
5877
6472
1975
401
4729
4145
837
6408
8172
7231
4363
441
6937
5565
3499
5104
5266
5808
912
1864
7380
8135
1346
946
1008
2460
2691
7958
3785
561
2018
5254
1874
815
926
1258
803
2212
6237
2670
5453
3291
3617
8176
8022
3864
7503
2583
2016
3899
2457
6631
6981
1784
762
5245
1677
762
6615
7224
2327
5276
3337
6681
1210
8087
2904
3690
2125
4160
2418
3960
5932
5308
896
7185
7543
4643
2142
4204
3044
7134
4622
5842
1014
4460
7024
4462
6211
1316
2727
5122
4200
4287
1153
3408
1478
3633
7208
7245
3750
2639
3631
197
2589
2776
2489
7353
7950
5478
6648
6578
3084
7066
5557
7447
3612
6353
3273
1440
7830
1707
2047
7906
340
7635
3687
1611
4425
5847
2517
7856
2191
5594
5133
278
3038
6038
3239
4002
3243
7263
3672
1781
553
3661
7628
5671
6248
5305
3473
1672
5865
5144
5049
2506
5332
3033
1848
1402
1158
2048
2334
2152
1832
5801
1856
432
4235
382
2423
1820
6588
2268
2527
6210
5068
4455
5280
7497
649
7240
6263
4004
582
1634
5073
1049
5414
6260
6984
6258
4013
3611
1801
4828
487
3451
6533
7910
6505
7496
4122
1249
6294
7696
8010
3173
3770
5180
2405
1146
3321
5741
203
2178
4671
4639
5997
1353
3155
5371
4825
8098
1842
1267
4909
7136
5167
6476
4615
4668
4329
5404
7768
7465
6192
6547
2953
3642
7730
2791
8105
4926
1744
5298
4514
5494
575
5249
4561
7782
1093
1189
6590
7329
595
2763
1318
1828
5085
4843
4553
7704
4689
4969
5088
1514
7958
7951
7167
1804
597
7334
3200
5459
8096
495
5388
7611
5466
1785
4072
1027
5999
4176
2687
7587
4950
3299
4915
7488
2399
4996
947
4865
4230
3779
4852
7795
3614
6461
7411
4157
5796
5886
3357
3967
2642
3743
6368
383
776
4729
5320
4827
1288
778
3623
2205
877
7166
158
4173
5135
3588
7454
4902
4573
7203
4895
4833
4876
4389
7857
4008
7942
4183
3061
1354
3688
2936
7595
2493
6603
4297
4638
4405
5555
1624
1995
3675
5762
1825
2315
4956
2177
3528
2444
7118
3208
6349
4890
7552
5411
2866
7957
6396
6115
1266
6893
5537
3943
5085
1442
1927
7019
1471
7429
3023
1269
1164
3037
7313
4664
337
1761
6584
480
3833
6282
347
7585
3042
1101
6928
2258
153
2195
3483
5277
3876
7998
6059
6062
1875
1457
7887
4864
2664
4661
2057
839
4671
1788
5041
6595
4789
583
5943
3650
223
7176
500
5029
6556
6607
3015
114
792
7298
2439
2729
4147
1684
4475
4858
4244
1687
160
8004
1610
6054
7727
5836
7944
7898
141
2862
3747
2240
7551
5490
4179
491
7267
7023
6823
5744
2506
4400
1136
3934
6544
607
4248
2441
5199
5226
1325
8155
7019
4548
2564
757
4656
696
618
2419
626
5635
3280
7975
3865
1124
4570
1897
5499
532
686
1686
1907
913
765
5719
5762
2829
4617
744
5042
3630
7905
2367
4044
7126
4838
207
5180
5644
7877
2048
6208
6917
5110
2242
6217
2311
4211
5268
3843
6327
1476
5127
2572
608
6493
6209
1427
2420
6997
7950
2548
6127
8042
3920
7184
7348
1380
616
647
2348
7804
628
4179
3874
1005
5455
1045
5506
3735
6606
5157
7690
6127
2857
3006
6509
3328
650
7853
1049
6639
4802
1239
4126
4344
1925
5728
4173
4767
4590
3111
4254
7802
1746
1583
2613
1781
6045
1240
2539
1095
2875
7964
7130
1083
3699
1881
3500
246
5670
4443
496
7979
5192
95
3398
7872
4849
584
493
885
6010
4542
2801
7931
3983
704
4338
3792
6201
5781
2830
2135
3643
7717
1671
307
6873
4295
7526
1204
5065
1691
559
2306
4678
3517
2904
2042
6364
6094
7826
483
2956
5933
7809
2713
7724
5866
4467
3906
1171
5129
7110
3660
6068
1654
6920
70
7609
3582
4936
8107
7678
3595
5443
8102
6746
6963
7193
7292
6303
3711
5185
1162
729
7443
2648
2143
259
3789
4697
4973
2207
5593
7723
3362
4943
6341
4108
4491
6772
4102
4063
5244
2004
7800
450
6130
4251
6299
7356
6269
4364
6853
6209
7254
4949
3999
1236
4537
2934
5049
3476
4514
4233
6631
5753
4431
1363
7749
4087
7689
1170
300
2509
5639
6315
5509
4998
766
6549
436
5941
4750
4714
1182
5533
4616
3208
2447
2392
2907
3266
7385
727
3787
7016
5762
4692
4258
141
4799
6135
5590
6781
7557
7111
6829
7607
5542
4304
3419
7765
7217
4763
865
2761
3566
1486
6305
5536
5656
7643
1719
1998
3555
8004
7572
3608
1371
2463
7733
380
3311
2802
7147
5014
901
3637
1074
700
7189
7410
3389
3516
6573
4551
6203
3292
3546
1181
456
6743
2880
5922
4815
2918
4451
2380
7594
3147
2525
5149
4502
2972
4763
6962
1646
5814
5067
1960
909
3042
6609
3162
6869
4046
5071
4472
2191
7940
2109
1135
5190
1369
1812
3650
5314
4556
2505
1736
7053
5104
1380
594
970
3164
912
7043
1253
1581
124
3524
7434
5373
5663
3486
4397
5377
1158
3208
3011
7244
205
1798
5178
4112
6933
98
1025
5297
4238
125
5568
5180
726
6217
5985
109
6334
5124
7716
1774
7404
5146
7475
7847
746
5794
6113
1432
589
3876
5803
1684
1255
5433
296
6824
2357
7645
803
6036
760
106
5986
1076
5458
6352
2504
5360
658
6062
5898
2573
3081
5815
827
4226
1083
7769
3180
4998
6663
1377
4043
2123
2127
3897
1056
6230
8166
1902
1754
4149
1565
6887
4467
2299
2592
6940
3676
7620
7652
3043
6621
1076
6565
1352
1928
8165
5027
6188
3897
5827
6802
6850
6812
1489
6200
137
2845
7575
7192
1903
6801
2129
5895
6582
7430
4437
3981
5897
4488
1583
2492
6346
3391
2543
5179
6109
5655
1884
6626
6243
1125
5195
5101
738
3325
5534
1835
6645
7232
6911
6272
3270
6393
6467
585
1988
7999
3755
7407
2706
2205
400
1583
3142
5700
992
4246
1510
1972
2816
274
7380
8110
617
7130
5417
2665
2399
4428
2764
4363
7590
2108
5816
598
4299
6903
6372
2787
2461
4028
1249
1367
8107
158
5012
4732
155
2981
7556
6501
3159
11
5305
2707
3604
7001
7112
2002
6707
3445
1188
2813
4018
7715
1044
3551
1917
4811
6045
7830
1153
7857
5302
1081
1197
3841
5936
4938
1966
6583
7254
746
6535
3771
1391
4571
3175
7187
5422
1539
5710
7316
1590
8159
4274
4815
5268
5325
3583
48
5942
4964
7526
5924
5710
1467
2412
762
485
461
3593
4407
8001
7085
4632
826
4704
384
5485
3787
5422
1398
6349
5732
6398
4388
7039
3822
5286
7868
5561
4931
2876
7176
175
5267
8084
6933
4327
1293
1223
6684
1881
168
4746
2418
468
5100
5027
4865
5661
1634
7407
2599
907
1362
1565
444
1722
7133
5298
325
383
3259
7901
701
3278
1881
77
3273
2591
371
7988
1664
6824
6948
5505
2743
1774
2838
3570
7118
5658
3501
5301
3474
4516
3220
7772
7436
6347
3702
3366
48
2556
603
2501
6808
4545
2353
2927
5916
4256
6407
2834
7776
7892
1750
1933
7501
1286
7422
3344
286
3801
5186
5635
2957
3408
727
905
8104
5452
4340
2174
4443
3075
6109
6921
3106
4186
55
6362
4930
4783
3199
6805
3969
5205
2661
6991
5613
6401
2329
3229
6704
4427
5041
1953
2324
2962
4397
1358
2934
6847
3283
2440
4205
5295
7647
2161
8018
5899
6870
3490
7318
3751
4048
2243
5220
6071
2087
6335
792
5285
5160
5646
366
7964
119
3729
4139
1548
5705
6276
7816
7771
4747
1710
3874
7429
92
8071
2566
760
2341
5734
657
2026
3141
4256
1948
2217
6200
6012
3171
3865
2313
2890
7633
7013
4161
6746
7013
2508
6422
8145
4098
7064
6237
4186
6163
4185
5920
4166
977
7954
26
5985
2233
2543
3645
1078
5300
5365
205
4036
4326
5370
1576
1550
6229
2211
2710
3317
5358
6797
2118
6722
5379
1743
2802
5092
7701
3073
2777
6999
8036
2724
75
4220
1768
3517
916
4504
7785
100
4394
882
1638
4604
6561
5392
4849
4779
3630
7444
4353
7456
4938
1344
2042
7489
2217
6351
3610
7175
3225
266
8139
6138
3882
1437
2481
1744
5330
7542
1614
1348
6470
369
2485
3511
2894
853
6500
7255
3461
2335
2858
4231
2518
4081
4522
4784
454
4482
6425
6544
1936
6200
3247
6147
8010
3315
56
2279
6415
3251
5219
7956
2882
3550
5153
3757
6842
4324
4238
2467
5632
7089
5284
6790
1953
671
3171
4438
4733
3466
3474
1789
332
1187
2514
2557
5526
723
7179
6984
1769
7720
198
5553
5996
511
2721
6942
2408
170
4319
711
4959
7795
4541
6412
757
904
6835
5993
7970
8041
131
1885
6545
1197
4757
3349
5906
4804
489
2776
6309
4847
7527
2452
1989
6926
541
335
4460
5811
3789
7003
8113
8088
549
362
5164
6240
7411
180
5107
3498
6950
334
2245
907
593
5794
6271
4909
5315
6610
227
4751
6867
7299
262
178
1126
3150
1693
2140
4236
5249
4904
2054
6076
7629
5499
2693
660
6921
3041
2487
3758
956
7543
6170
4809
4702
3945
7977
2297
1774
239
6612
6382
7519
3324
4265
6793
1525
4575
5014
7362
3250
5471
1387
4118
7929
6241
2027
5027
1318
1446
2315
5641
6778
2097
7023
5395
7620
5319
4017
3254
5369
947
6317
839
1772
2668
4147
2637
5297
3226
3902
3282
7157
4002
909
3549
2546
745
6908
3675
5697
4879
3101
5697
6337
7986
2147
6425
5573
3623
16
7437
5463
7559
8121
965
6461
7301
5383
2559
6790
6730
7560
2828
3190
1283
1781
4871
3196
1387
5339
5116
6174
822
5916
4821
3106
586
6408
7891
1896
7389
3329
6518
2622
5087
1467
2912
445
3014
3969
5561
1047
1128
1857
4046
7456
1680
2793
6118
3402
4307
915
7928
2526
7651
6997
924
107
5157
904
2962
2419
1386
3212
1123
2342
76
4674
1242
6193
2722
4606
1393
5848
7535
5148
2684
8094
4810
3219
337
4233
317
2313
129
2413
1740
7410
6334
7387
6263
6567
2808
88
5632
6835
7725
1827
1702
4730
4461
7515
1897
1769
1177
3006
2517
3333
1309
2793
755
2402
6454
7273
2529
1654
971
1461
1910
396
2753
1380
4831
1201
6885
630
553
1061
6024
2232
3710
6881
2699
4094
60
5720
6255
594
1967
4320
7209
2180
6139
4275
6819
3854
1512
1013
525
1635
1682
7791
6141
1615
7926
6411
6063
7199
147
902
0
6717
4212
1609
364
2252
1397
6522
5595
2677
5384
4258
8061
4185
5646
4255
4820
5516
4936
3273
3694
6102
2490
2448
4915
259
7168
2233
4977
860
1223
7898
1994
4599
4545
3608
6542
282
1394
4809
2643
3328
725
1746
549
8137
8103
7613
2154
6764
2888
6399
3398
6002
2969
7886
738
6604
6105
1129
2709
2386
4558
7488
374
5042
4462
5337
6615
7496
4700
6762
1241
3705
7889
3190
135
1003
19
6479
1265
1725
1189
4447
215
1059
3837
448
5174
4081
7080
6741
7752
6712
6833
5407
315
483
6058
108
3866
4222
7547
7398
5463
7031
44
951
5379
3949
5661
8032
5737
1765
3922
7550
5268
3967
5661
1792
1611
5910
3199
1455
8110
7899
4309
6443
1476
5979
6862
6248
1186
7398
915
2623
7617
1011
7940
2519
3794
575
5829
3730
857
2072
141
3417
2420
8167
6061
5641
6104
7293
7083
4272
874
4014
1420
4112
4066
3626
1369
773
373
7252
250
1931
7337
2353
4890
3963
2318
889
522
5811
1456
3727
563
8002
2046
6664
6506
5912
7074
133
2195
4920
3023
4982
3202
1511
176
5595
72
6112
5048
8147
6773
4423
647
6084
643
2053
510
5552
1535
6276
2756
7737
4597
6026
6702
3039
6699
2781
3857
1123
2016
4329
5524
2229
5940
7095
5518
2703
2165
4374
5330
551
7620
2729
2404
6728
8020
4877
3451
1655
5083
7345
6384
3780
3850
4586
6389
7212
2110
6112
6612
3844
638
6512
1423
5763
7860
4286
7173
6367
220
3674
3682
542
6136
1791
6179
5128
4979
4745
6882
2924
4271
1704
2609
4475
822
6682
4259
4775
4705
2558
7629
2714
7482
7592
4599
6714
603
7583
2471
7138
4225
1262
6370
4275
6334
1290
2545
2242
4589
5136
2576
3730
8092
220
2176
2313
7666
5984
6314
4752
4169
609
44
4488
4768
423
3767
3435
1051
2228
7843
3944
2150
1681
5793
6190
5983
6959
1742
2053
1239
6148
6974
7941
4811
123
3708
3689
4878
5523
2917
8001
711
2653
5933
528
4658
7182
1304
2586
2387
8134
1347
252
4121
2813
4452
4316
1444
289
1308
5253
575
2314
6412
8118
804
5141
7342
2071
1138
5675
1433
6856
7530
3395
2043
1482
170
4119
5756
1158
4687
7584
7976
3873
8097
5151
5877
1666
5425
6286
4734
6844
409
4957
1845
6428
6399
3127
1130
4441
4372
7868
4661
1678
872
3047
3668
2016
938
647
5436
2790
1788
845
6747
4543
3133
991
2846
5367
365
6705
5259
7658
2097
6217
3496
7950
6733
2896
7294
6974
3786
5781
6346
4465
1145
3126
3282
7129
20
4811
1345
6417
2049
3671
8042
5777
3551
766
3847
1345
4949
4152
758
7617
7721
1398
7961
855
1404
448
7828
6548
5158
802
1191
2137
294
1940
8080
7272
3188
3859
6897
6621
2630
1815
2370
3945
2952
4139
6294
7987
6422
668
2171
2083
7852
202
3502
77
7241
7261
4257
6251
5225
6249
1747
1454
3122
719
4424
2927
4935
2679
2759
4077
2560
7013
2632
7345
1024
4044
435
2159
3568
1583
5237
394
911
7816
3231
1160
5918
1950
5012
6123
1933
6321
2084
1712
4971
2974
4309
6510
4315
2956
2585
297
3582
5511
3499
5424
237
2357
259
1193
6224
150
1860
5683
142
1949
6114
5213
1016
2257
6022
2394
2897
4943
17
349
3118
3270
2279
3946
1785
7519
7235
746
778
3350
4616
5642
4662
7530
3439
6423
225
5438
2036
6134
2716
7607
3512
5272
2354
6515
2251
6686
5024
1619
5127
1495
2844
7110
5151
3077
4894
8158
2219
4796
2099
3383
2436
43
4766
3645
2094
1273
741
3319
363
5111
3899
36
8037
6610
5454
7095
4834
7130
2084
1412
7298
2439
7869
6829
5982
3591
679
6427
1702
723
2638
5257
3394
4153
756
7535
1608
729
1610
2232
7898
4989
1645
7152
6644
92
6261
6425
7061
5152
2847
937
1678
831
7949
7070
4672
1217
7121
5624
2496
3851
3899
804
2988
6189
6160
3942
4128
2839
6820
6584
7094
5529
6932
6689
4415
2587
7219
5948
5291
4192
5501
3004
4454
4954
2823
2486
5064
624
869
2610
2713
296
1125
2203
3720
7136
1426
7840
7390
5443
4518
66
323
917
1943
8124
6644
7940
5993
4826
3723
3191
5846
6645
6927
703
223
1735
1127
5685
3843
2020
6344
2805
4661
583
3109
2167
1399
7671
2910
274
5771
2468
1513
794
1982
4730
2167
3236
6312
1314
2634
5460
2838
4788
5291
6027
4728
5476
3480
5711
3656
2891
6548
6867
284
5965
3925
4358
4094
4737
969
1616
8086
2687
1291
3146
3622
6966
855
4811
3915
1265
1139
3226
6957
6033
4740
4483
3220
1439
2474
5408
7028
3425
1385
267
76
1022
6669
5962
2021
3721
3161
4080
5950
4049
258
6087
3758
7171
4901
6428
6954
6601
8017
3907
739
3639
8184
7906
6814
2424
4626
748
8074
1155
5996
496
4532
7769
5703
1586
7268
134
2004
6320
1413
4343
7361
6503
3456
1690
6654
6587
5456
2559
304
7513
6917
3868
1798
5892
3585
1553
2386
145
4501
400
3523
5297
6992
811
3649
6033
3564
645
2842
1565
6377
942
491
1751
5818
1402
7806
7459
1518
1520
6540
5399
5895
2604
232
7723
307
643
1396
5888
995
3260
2183
3887
1321
2225
3614
7837
200
7755
5113
3325
611
6224
7192
1217
5974
569
8077
4857
4097
5872
1124
2801
1339
4360
2641
5429
6343
3324
3191
4486
4561
624
6843
1732
4725
7835
4172
1144
3881
6736
2106
5451
220
2759
7863
5036
7907
1584
6011
849
3860
4681
773
3868
7964
7285
5762
2756
265
524
4134
6997
802
1235
820
2336
376
6270
2753
1783
8097
4667
1707
2477
2135
3515
5700
7053
2009
2029
7905
4034
1294
6790
5005
2138
5259
829
5988
7223
7238
7817
2182
5457
6795
6279
3903
3306
754
6411
5611
5146
16
2094
1463
4508
6015
5697
538
7560
5702
6919
4702
2959
1433
1884
1906
3962
6107
7693
1911
8008
4428
814
3489
437
4671
6882
4015
1566
5055
7245
7486
6200
4802
7379
3531
2494
6014
4002
951
7259
6498
385
5765
6381
4055
2761
7516
6277
1764
6718
6424
4643
5710
7843
3544
1378
5422
5178
4942
4833
7338
7484
5077
6652
5345
1266
7638
6615
7464
6076
5866
6123
6523
4634
3284
4364
1963
1856
7334
2449
3976
3012
8160
7532
1769
35
5384
6044
3389
1784
6731
3250
3503
6592
3625
5158
2679
4592
2627
3353
3302
7517
1905
170
6624
426
2730
4161
4826
7310
353
3252
6149
3845
954
5039
1114
6350
735
6553
7104
1575
334
3633
1369
8122
2374
710
985
3946
3107
7763
4716
2817
8046
5507
3439
118
5727
3673
1855
4300
5830
6223
3491
3219
2712
2673
4749
4435
364
7972
941
2717
1663
4224
2469
7925
5314
6050
7049
1077
1459
5131
1093
7679
8179
214
4037
2800
31
3976
6643
5450
442
803
5888
1253
5582
6506
2972
290
1843
5839
3040
3036
5549
7793
6734
8149
5995
3272
732
4549
2878
4395
3010
353
6202
2425
6693
1875
3833
6788
5904
3225
7752
172
1462
4034
964
6330
1615
71
3152
4553
1358
22
6525
5691
8015
6747
1924
7434
1059
5321
6960
5624
469
7147
490
7770
2935
6512
4098
2852
4463
5556
5895
3498
533
2543
1769
7277
5893
370
2634
7839
219
5881
6875
4032
5320
5397
4152
4990
2749
681
730
2166
27
6617
322
6637
4906
5026
4224
3640
6512
5369
6640
8186
252
5327
5483
7253
6588
7382
5974
4268
1817
7653
5152
166
4768
8111
5816
1656
4033
797
5278
6183
4508
5916
4159
3705
4243
1626
2203
3717
4236
3152
76
483
2820
194
5104
2098
1026
7453
2973
6307
2000
4777
7147
2073
1491
2312
7318
2941
7558
7824
7690
5242
1619
894
7925
2412
1898
7440
4007
7444
6507
5044
4223
3576
7265
5586
4192
2981
1640
7467
6244
4816
1819
1990
4890
5540
4373
5181
446
3230
1408
7854
5106
6875
5258
5567
3588
390
6984
6545
5720
6493
1887
6497
2452
4601
2679
5627
7951
7712
2634
8002
968
1395
2822
7353
6905
3266
7746
3294
4777
1636
284
906
5950
628
6708
4370
1395
3489
1931
3376
100
8130
6241
6300
4649
2606
5871
4886
5608
7875
7022
2510
8169
1269
3325
5938
6627
8159
2636
2396
4182
5410
1195
5430
950
5034
129
2316
3199
1828
1427
7542
7760
7552
3909
2252
2649
3675
3753
2456
33
8045
1552
5870
7754
5839
7572
6696
4630
1939
753
6047
1286
561
113
7011
7900
959
6119
5257
4168
2160
6623
7404
3903
7666
2090
1931
3900
3498
2391
5423
1132
4558
3781
4904
2746
2201
6871
2283
6239
39
7716
1855
3413
6816
6360
2315
2018
4909
4780
6800
5100
3160
6598
1874
855
4636
825
3827
102
4451
2848
6108
1277
3556
6924
4798
837
2561
2347
3572
3882
1931
3380
7042
6889
156
4913
7058
7211
5607
8113
6897
4338
4902
3546
4678
4576
2200
5719
1199
7387
7216
4643
4
3404
216
3121
2768
3227
7017
398
5473
4675
898
666
793
7041
5851
3909
5036
933
4014
4087
6522
5686
1869
7167
4632
6643
2199
1392
6532
5405
5514
927
2257
150
4230
1623
1172
3252
7950
2796
414
1868
4170
84
2236
1211
5603
825
4283
6124
2564
4707
5650
995
3757
2698
1750
3328
1124
2445
4566
4292
3364
1292
7967
5192
6264
4719
1358
6756
2548
172
6603
5057
3723
6484
3337
1557
3721
7169
4379
7293
1623
1855
5407
6566
1861
737
1553
4580
228
2764
1242
6998
4357
373
5354
4357
4247
457
2786
3302
5463
2141
6830
622
3035
3700
1190
7298
1504
4945
1316
590
381
5656
3658
7491
4776
3652
5930
2799
2890
572
6202
1573
3283
1412
3007
3293
7606
4757
1510
132
4914
1638
6223
2537
5204
1062
1289
6355
1335
2482
1223
7584
7150
3916
1500
5987
6214
4741
3510
5742
590
431
1442
3018
3837
5572
4727
6388
7577
2244
4089
2417
4779
7215
5120
776
731
3613
4570
2143
3309
5030
5271
3275
3897
3781
3215
1538
3609
8085
2358
5078
4480
5220
5751
4334
888
2137
1433
3098
5552
7969
3805
2726
35
905
2782
2599
7340
3897
5451
6306
2255
8082
2644
320
5328
7940
7965
2732
4006
6152
5540
218
1737
7223
1178
1235
6610
1082
7014
4076
2152
7183
6454
3597
5189
3512
3682
84
4893
793
1984
3447
749
6573
4605
1134
2812
5573
3568
6516
5757
3053
967
140
837
7233
7565
1603
680
1046
7155
3377
1126
3042
6319
823
7198
3873
3908
5053
7063
6839
1262
7644
5073
691
1834
2782
1851
7842
2252
138
5249
5502
3182
7176
8095
3919
4250
5440
3013
4367
5818
2519
7582
6387
4381
7649
7144
7994
2188
3197
2037
5856
5708
4068
2391
5852
4635
1535
7309
5872
4106
3908
6965
3188
2670
244
4309
7784
6589
4509
2089
5032
3785
95
7506
2527
1421
806
513
7987
4574
608
1670
2162
7777
2332
3767
2485
6047
1748
7119
3040
6140
851
5104
3228
6996
7991
7522
2431
577
6712
5872
733
2343
5517
6805
5962
4481
55
6923
2660
2139
5619
1630
418
3226
6191
7403
7686
7835
6470
7589
2878
4396
1767
3892
4643
534
4755
1444
6698
3313
4384
880
2201
1185
3850
8014
3015
758
6909
6032
3362
959
7778
3191
3083
3573
4191
7048
4365
7320
4049
3244
4734
2287
452
6130
7477
5683
5914
6190
168
830
1380
4823
7862
6608
5217
3192
4697
3457
1285
2070
7459
1294
7932
5723
3867
6831
5251
1072
5187
4285
867
3034
7438
214
6518
2194
7915
7828
1398
3541
7639
4423
6410
5300
2698
7974
6369
5882
5015
1530
6989
255
7257
5907
4339
2746
7527
5727
4610
7500
4163
6302
1778
5709
4540
673
7165
1497
5891
5906
3436
5830
6834
4115
4906
4056
7592
3455
7169
5875
5168
4195
3397
6736
1193
331
7935
2478
1378
6224
1953
7191
5522
3091
6812
6740
296
7801
5129
246
1661
7101
4266
1508
5157
444
6092
320
1410
3245
443
5114
73
872
4512
7293
6201
7529
5154
3809
5277
69
2380
260
2098
224
5327
2907
2104
7970
8106
5051
4042
2648
8026
7983
2131
713
2252
7006
3796
7626
271
4795
289
2642
3113
4577
3214
859
4686
5376
7325
1962
926
7410
4854
1227
591
5994
5388
6452
227
3356
811
3250
4752
3250
6400
5265
2486
5186
1724
3683
2246
886
1470
8079
8041
1297
2459
1960
849
2859
1424
3406
3525
6326
7399
2182
3781
2750
6983
2540
4136
864
3041
3928
2195
6364
4384
4487
3185
3613
7727
2396
2350
567
3261
7504
4604
1794
1895
398
6151
121
6335
7360
5842
7066
2987
4258
4227
1271
1724
8035
2636
3412
1309
7492
5828
5191
6880
5409
5507
406
1744
3892
4553
697
3337
471
256
3694
1078
7392
5891
3730
3201
5014
4184
7348
4976
4446
4342
1897
3127
4945
1130
2488
4290
6734
8169
6679
6687
7380
4834
7740
3964
4360
2859
5685
5671
3311
3589
7014
7806
2398
4404
1130
1133
2196
3634
2175
4461
4779
1956
956
3078
2357
406
7715
925
6819
3043
4309
6468
2141
695
2788
5452
825
6931
3900
6281
7421
1219
3805
5835
3804
2342
6585
4653
3680
2303
4747
4676
3579
1975
2293
7969
3060
3349
3894
7377
1565
5206
7477
3123
7311
848
3052
2496
5818
1991
7419
4977
2219
4074
177
517
2277
2820
7602
455
4458
5572
3162
2014
2359
3785
7470
4138
6990
3641
317
7065
6267
5031
8041
1739
7612
584
2343
7346
1095
680
1201
4499
7291
2550
7205
3102
2703
2208
1551
4830
1504
1309
1485
2163
3213
1578
6149
5183
2862
692
2202
399
1804
6032
1162
3685
4941
7871
5503
7019
7661
2875
429
2889
1888
2641
1715
6435
835
5488
6572
6593
6769
6351
4997
1584
2624
3955
4051
2517
424
4519
8177
8142
4549
80
3427
2951
8072
3401
6638
7128
7002
1335
5126
669
1558
5058
5686
6199
7010
7740
4738
3479
4246
2473
5148
4097
4123
6967
7408
6594
6527
3814
781
673
5376
8165
7631
1436
541
4481
5178
884
564
847
5062
561
2236
8061
5944
7012
6410
7482
649
4302
1375
6888
5954
320
7558
6074
4736
3657
2194
7189
7273
3148
4266
5943
4479
6899
5806
2454
4695
2420
2450
574
7669
4361
2134
3344
7090
6126
3560
1221
7835
7241
4982
3647
3976
7263
4896
7282
3590
2529
1983
3108
2078
4443
4770
7223
4355
1945
80
850
4887
6817
1675
1398
3296
472
1657
6700
4987
1350
4826
1086
1071
7614
612
7783
3814
6390
7423
3496
6591
5753
2030
1857
5673
6251
8059
829
3682
5483
2653
6013
4525
6450
3187
3777
2754
787
5278
3491
6851
364
1282
1523
2658
4368
2936
7689
7804
7124
4131
3359
4069
2905
1572
3607
7783
7787
7417
8107
6816
2044
5838
494
4582
8162
6182
3683
6668
2332
3530
7611
6946
6550
1343
5184
8077
1272
417
5528
6873
4369
7460
7138
2188
1256
4760
2644
4989
6335
6563
4548
2734
50
4580
4361
2218
6010
4752
7141
6873
290
2126
4854
7139
5727
7343
2391
6881
5885
6832
2017
1838
1376
3721
378
5736
5860
6330
3436
6363
5065
84
4826
6824
2185
4020
1868
3237
5273
4759
6376
7790
4485
4241
927
7406
6351
6127
3399
7054
4075
6735
4654
1830
415
476
270
3201
35
7097
155
5350
1105
6353
5093
5006
6849
1334
3083
3681
1713
1315
885
3119
1473
7423
4345
2542
3100
5718
7404
1256
2384
3539
5961
3240
3445
1977
3696
7400
927
4620
6644
749
7540
2606
6702
3418
6544
6971
7578
4758
350
1447
7374
700
4669
5822
6952
6578
1024
3446
214
2990
7164
4039
4805
7590
520
1727
1802
525
4480
8106
2890
6767
6581
6212
3039
1225
4911
844
85
7084
2042
5280
3794
5502
667
845
2368
2796
4270
5202
8004
4334
5021
7750
6271
62
8191
4298
4603
1438
4728
2515
6130
577
8089
7852
7756
1355
4515
6739
5971
7695
7182
5922
1704
818
8101
7082
5573
5069
8048
7895
1074
7185
2671
5276
1872
2007
1582
5321
7661
4019
6041
4715
2366
3422
1252
2223
6427
2011
3199
6778
6869
1179
903
1846
1583
4066
1627
408
1849
6708
1805
8143
7548
2562
4464
6058
4468
697
3271
1304
4707
6238
5318
3865
2501
1055
610
4394
4633
7725
3786
2787
7011
6179
3796
7307
4955
1585
7445
8095
4786
2167
3102
8016
2517
7937
636
7688
2279
7944
4346
5546
7469
612
2439
7813
27
651
4584
7158
5359
4588
2569
538
1679
4814
4299
3241
4363
2086
1912
3163
5093
1236
4597
720
7900
3223
2562
799
6897
3641
3576
6084
3103
7824
4815
7023
8115
3195
7382
7149
6090
6138
8037
2252
6615
3582
3758
5982
7309
6775
7444
413
1551
495
3075
4583
6579
828
1717
5538
7723
5118
4324
1819
500
4699
2281
2335
5949
553
5041
1246
1695
4410
3854
1448
2142
950
1895
4199
6896
1173
7103
3892
1432
898
6807
6443
899
4920
494
3319
1004
3515
7809
1723
5217
5614
2367
5359
1315
