8191
8190
8190
8189
8189
8188
8186
8186
8186
8184
8183
8181
8180
8179
8179
8174
8174
8171
8171
8169
8169
8167
8166
8165
8163
8161
8161
8160
8160
8158
8157
8156
8156
8155
8154
8153
8153
8152
8151
8150
8149
8149
8148
8147
8147
8147
8147
8146
8144
8144
8143
8140
8138
8135
8134
8134
8133
8131
8128
8128
8127
8126
8126
8126
8126
8126
8122
8122
8121
8120
8120
8119
8116
8115
8114
8113
8110
8109
8109
8106
8106
8105
8105
8100
8100
8100
8099
8099
8099
8098
8097
8096
8095
8094
8094
8092
8090
8089
8088
8087
8086
8084
8084
8082
8082
8081
8081
8080
8080
8079
8079
8079
8076
8075
8075
8074
8073
8073
8071
8071
8071
8071
8069
8069
8068
8067
8067
8065
8064
8062
8061
8060
8060
8058
8057
8056
8055
8054
8053
8053
8052
8050
8049
8049
8048
8046
8045
8045
8044
8044
8044
8042
8040
8040
8040
8039
8038
8038
8038
8036
8036
8034
8033
8033
8032
8030
8029
8028
8028
8025
8023
8021
8021
8021
8020
8020
8019
8019
8018
8018
8016
8015
8015
8013
8012
8011
8011
8010
8009
8008
8007
8007
8007
8006
8006
8005
8005
8005
8004
8003
8003
8002
8001
7999
7999
7999
7999
7998
7997
7996
7996
7993
7992
7991
7990
7989
7989
7989
7988
7987
7987
7987
7982
7982
7982
7982
7981
7980
7979
7979
7978
7978
7977
7977
7975
7975
7974
7971
7968
7968
7968
7966
7966
7964
7963
7963
7960
7958
7958
7957
7954
7951
7951
7950
7950
7949
7947
7947
7945
7945
7945
7943
7943
7942
7942
7942
7942
7942
7941
7941
7939
7938
7937
7936
7934
7934
7933
7932
7929
7928
7926
7925
7923
7921
7921
7920
7920
7920
7918
7915
7913
7912
7912
7911
7911
7911
7908
7905
7905
7902
7901
7900
7899
7898
7897
7897
7895
7894
7894
7894
7893
7893
7893
7891
7889
7889
7888
7887
7887
7885
7884
7882
7878
7876
7876
7876
7876
7876
7875
7875
7875
7875
7874
7872
7871
7871
7871
7870
7870
7870
7869
7868
7865
7865
7863
7862
7861
7860
7860
7860
7860
7859
7859
7858
7858
7857
7857
7857
7857
7857
7855
7852
7852
7852
7851
7851
7849
7849
7849
7846
7846
7845
7845
7841
7840
7840
7839
7838
7838
7838
7837
7836
7835
7833
7831
7827
7827
7827
7826
7826
7825
7824
7824
7823
7822
7819
7818
7817
7816
7816
7813
7813
7810
7810
7805
7805
7804
7801
7798
7798
7797
7796
7796
7795
7794
7794
7794
7791
7790
7790
7788
7788
7788
7787
7785
7784
7784
7784
7782
7782
7781
7781
7780
7779
7777
7777
7776
7776
7775
7774
7774
7772
7772
7771
7771
7767
7766
7766
7766
7765
7765
7764
7761
7760
7760
7759
7759
7758
7756
7756
7755
7754
7752
7751
7750
7745
7739
7739
7738
7733
7732
7732
7732
7731
7729
7728
7721
7721
7720
7719
7719
7718
7718
7717
7717
7716
7716
7716
7715
7713
7713
7712
7712
7712
7711
7711
7709
7708
7706
7704
7704
7699
7699
7699
7697
7697
7697
7695
7695
7694
7694
7693
7692
7691
7690
7689
7689
7687
7685
7684
7682
7681
7681
7680
7680
7679
7679
7679
7678
7675
7674
7672
7671
7670
7670
7669
7667
7665
7665
7664
7664
7662
7662
7661
7660
7656
7656
7655
7653
7652
7651
7651
7649
7647
7646
7646
7646
7645
7644
7643
7642
7641
7640
7640
7638
7636
7636
7634
7633
7630
7630
7628
7628
7627
7625
7624
7622
7622
7621
7621
7618
7618
7616
7615
7612
7612
7610
7609
7609
7608
7608
7607
7606
7604
7603
7603
7602
7602
7602
7600
7600
7597
7595
7593
7593
7589
7588
7588
7587
7586
7586
7585
7585
7585
7584
7584
7583
7583
7582
7582
7581
7580
7579
7579
7579
7578
7577
7575
7575
7572
7572
7571
7570
7570
7569
7568
7567
7567
7567
7567
7564
7564
7559
7557
7555
7555
7555
7554
7553
7553
7553
7552
7552
7550
7550
7549
7549
7547
7547
7546
7546
7545
7544
7542
7540
7539
7538
7535
7534
7531
7531
7529
7528
7527
7524
7523
7520
7518
7517
7516
7516
7515
7511
7509
7509
7507
7507
7506
7506
7506
7501
7501
7500
7500
7500
7499
7499
7499
7499
7498
7497
7497
7495
7495
7494
7494
7494
7493
7492
7491
7491
7490
7486
7486
7485
7485
7484
7484
7484
7483
7483
7483
7483
7482
7481
7481
7479
7479
7479
7478
7478
7476
7476
7475
7473
7473
7471
7469
7469
7467
7466
7466
7465
7465
7465
7464
7464
7464
7462
7460
7459
7459
7456
7456
7455
7454
7452
7447
7444
7444
7443
7442
7442
7442
7441
7441
7440
7438
7437
7436
7432
7432
7431
7431
7430
7430
7428
7427
7427
7426
7426
7425
7425
7424
7421
7420
7419
7419
7418
7416
7416
7415
7414
7413
7413
7412
7411
7411
7411
7409
7407
7406
7405
7405
7403
7401
7399
7399
7399
7397
7397
7394
7392
7391
7390
7390
7390
7389
7388
7388
7387
7387
7386
7385
7384
7384
7383
7383
7382
7380
7379
7379
7378
7378
7375
7375
7374
7374
7371
7370
7370
7370
7368
7367
7367
7364
7364
7363
7363
7360
7358
7357
7357
7357
7356
7356
7356
7355
7355
7354
7353
7352
7351
7351
7351
7351
7349
7349
7347
7346
7346
7346
7345
7344
7344
7341
7339
7338
7337
7336
7335
7335
7333
7330
7330
7327
7327
7326
7325
7325
7324
7323
7322
7322
7322
7321
7320
7319
7318
7315
7315
7315
7314
7314
7312
7312
7308
7307
7306
7305
7305
7305
7304
7304
7303
7302
7302
7301
7299
7298
7298
7297
7295
7294
7294
7293
7291
7290
7290
7288
7287
7286
7284
7284
7283
7283
7283
7282
7282
7281
7279
7277
7276
7276
7276
7275
7274
7273
7272
7272
7271
7270
7269
7268
7267
7267
7267
7266
7265
7264
7262
7262
7261
7261
7260
7259
7258
7258
7257
7256
7255
7255
7255
7254
7253
7253
7252
7252
7251
7251
7250
7249
7248
7247
7247
7244
7244
7244
7243
7242
7242
7239
7237
7236
7235
7230
7229
7228
7228
7228
7228
7228
7227
7225
7225
7224
7224
7223
7223
7222
7222
7220
7220
7220
7219
7217
7215
7215
7214
7214
7213
7212
7211
7211
7209
7207
7205
7205
7204
7203
7202
7201
7201
7200
7199
7198
7198
7198
7196
7192
7191
7188
7185
7185
7185
7185
7182
7180
7178
7177
7175
7174
7174
7172
7169
7168
7167
7165
7164
7164
7163
7163
7162
7162
7161
7161
7159
7159
7157
7155
7155
7154
7154
7148
7146
7145
7144
7144
7142
7141
7140
7139
7139
7138
7137
7137
7136
7136
7134
7133
7133
7132
7131
7130
7129
7128
7127
7126
7126
7122
7121
7121
7121
7119
7118
7118
7116
7116
7116
7115
7113
7111
7110
7109
7108
7108
7107
7106
7106
7106
7105
7103
7103
7102
7101
7101
7101
7100
7099
7097
7097
7097
7096
7095
7092
7091
7089
7088
7088
7087
7086
7085
7079
7077
7077
7075
7075
7073
7071
7068
7068
7068
7067
7067
7066
7066
7065
7063
7063
7063
7062
7061
7061
7059
7057
7053
7052
7051
7050
7050
7049
7047
7045
7041
7041
7041
7040
7039
7037
7036
7033
7032
7032
7032
7031
7028
7028
7027
7027
7026
7026
7025
7024
7024
7023
7023
7022
7022
7021
7020
7019
7019
7018
7018
7015
7014
7014
7013
7012
7012
7011
7011
7010
7010
7010
7008
7007
7006
7003
7002
7001
7000
6997
6996
6995
6995
6995
6993
6992
6992
6991
6987
6985
6984
6984
6983
6981
6981
6980
6979
6978
6978
6977
6976
6976
6974
6974
6972
6970
6970
6970
6969
6969
6967
6966
6966
6966
6965
6964
6963
6963
6963
6962
6962
6961
6961
6961
6959
6956
6955
6955
6955
6954
6952
6951
6950
6949
6947
6947
6946
6946
6946
6946
6945
6944
6943
6942
6941
6941
6937
6937
6936
6935
6934
6932
6926
6926
6922
6922
6921
6919
6919
6919
6918
6916
6915
6914
6913
6913
6912
6911
6910
6910
6910
6909
6907
6905
6900
6894
6891
6891
6890
6889
6888
6886
6886
6884
6884
6883
6882
6881
6880
6879
6877
6875
6875
6873
6872
6871
6871
6869
6867
6866
6866
6866
6864
6864
6863
6861
6855
6852
6851
6850
6849
6848
6846
6840
6838
6838
6838
6837
6836
6835
6835
6835
6834
6833
6832
6831
6830
6827
6825
6823
6823
6822
6820
6819
6819
6819
6818
6818
6817
6817
6814
6814
6814
6813
6809
6809
6808
6806
6806
6805
6804
6803
6800
6799
6799
6798
6796
6796
6795
6795
6794
6794
6793
6790
6789
6789
6789
6788
6786
6785
6784
6783
6783
6771
6769
6766
6766
6764
6763
6761
6761
6761
6761
6760
6759
6758
6758
6756
6753
6753
6752
6748
6748
6745
6738
6736
6736
6735
6734
6733
6732
6731
6731
6731
6730
6729
6726
6725
6725
6725
6724
6722
6722
6721
6720
6719
6719
6718
6717
6716
6715
6715
6715
6713
6713
6711
6711
6711
6710
6708
6707
6707
6705
6705
6704
6703
6702
6702
6701
6701
6700
6700
6699
6698
6698
6698
6696
6694
6694
6689
6689
6688
6687
6687
6685
6685
6683
6683
6683
6681
6678
6676
6675
6673
6673
6673
6673
6673
6671
6671
6670
6670
6669
6669
6669
6668
6666
6665
6665
6664
6664
6664
6662
6660
6659
6657
6657
6657
6656
6656
6656
6654
6654
6654
6653
6652
6652
6652
6650
6649
6649
6647
6647
6646
6645
6645
6642
6641
6639
6639
6636
6636
6635
6635
6635
6632
6632
6632
6631
6631
6630
6629
6626
6624
6624
6623
6623
6623
6623
6622
6620
6618
6618
6617
6617
6616
6615
6611
6611
6611
6610
6609
6607
6605
6605
6604
6603
6603
6602
6601
6601
6601
6599
6597
6597
6597
6596
6595
6595
6593
6592
6589
6589
6588
6587
6587
6587
6586
6582
6582
6581
6581
6579
6579
6578
6578
6578
6578
6577
6576
6576
6576
6575
6573
6572
6571
6571
6571
6570
6569
6568
6568
6565
6565
6564
6564
6563
6561
6561
6560
6560
6557
6556
6554
6553
6553
6553
6553
6552
6550
6550
6550
6550
6550
6549
6549
6549
6549
6548
6548
6546
6546
6545
6544
6543
6542
6539
6539
6539
6538
6538
6536
6536
6535
6534
6532
6532
6530
6529
6528
6527
6526
6524
6521
6521
6520
6520
6520
6518
6518
6517
6516
6515
6514
6514
6514
6513
6513
6513
6512
6511
6510
6510
6507
6505
6504
6502
6502
6501
6499
6495
6493
6492
6491
6491
6490
6490
6489
6489
6489
6489
6486
6483
6482
6480
6479
6477
6477
6477
6476
6476
6475
6475
6474
6473
6471
6470
6469
6467
6465
6464
6464
6464
6458
6458
6457
6455
6455
6455
6453
6453
6453
6451
6449
6447
6447
6447
6445
6445
6445
6445
6444
6443
6442
6441
6439
6439
6437
6435
6435
6434
6433
6432
6431
6429
6425
6425
6422
6420
6419
6419
6419
6416
6415
6411
6411
6410
6409
6409
6408
6408
6407
6404
6401
6400
6400
6398
6396
6396
6393
6392
6391
6390
6390
6389
6389
6388
6387
6386
6385
6385
6385
6384
6381
6380
6378
6375
6375
6374
6374
6374
6374
6374
6373
6373
6371
6370
6368
6367
6366
6365
6365
6365
6364
6363
6362
6360
6359
6356
6356
6355
6355
6354
6354
6352
6350
6349
6349
6349
6347
6347
6345
6344
6344
6343
6342
6340
6340
6338
6336
6334
6333
6332
6331
6326
6326
6325
6325
6321
6321
6320
6319
6319
6317
6315
6313
6313
6311
6311
6310
6310
6310
6310
6308
6308
6306
6305
6305
6302
6302
6298
6296
6293
6293
6292
6292
6290
6290
6287
6286
6286
6283
6280
6279
6279
6279
6277
6275
6274
6269
6268
6268
6267
6266
6266
6265
6264
6262
6262
6262
6262
6261
6261
6258
6258
6257
6256
6256
6256
6256
6255
6254
6254
6253
6253
6253
6250
6248
6245
6245
6244
6242
6241
6241
6241
6241
6239
6238
6238
6234
6233
6232
6230
6229
6229
6228
6227
6226
6225
6223
6222
6221
6221
6220
6220
6219
6219
6215
6215
6214
6213
6213
6212
6210
6210
6210
6210
6208
6208
6207
6206
6204
6204
6202
6202
6199
6199
6199
6199
6198
6198
6198
6198
6198
6197
6197
6197
6196
6196
6195
6195
6194
6193
6193
6192
6191
6190
6189
6188
6188
6187
6187
6186
6185
6184
6184
6183
6182
6181
6178
6176
6176
6175
6175
6175
6174
6174
6173
6173
6170
6169
6168
6167
6166
6165
6164
6163
6163
6163
6163
6162
6160
6160
6160
6158
6157
6155
6155
6155
6154
6153
6149
6148
6148
6148
6147
6146
6146
6146
6145
6144
6144
6143
6142
6142
6142
6142
6141
6140
6140
6140
6138
6138
6138
6137
6137
6136
6136
6132
6131
6131
6130
6128
6127
6127
6127
6126
6123
6123
6122
6121
6120
6116
6112
6112
6111
6111
6108
6108
6108
6107
6107
6107
6106
6106
6105
6105
6102
6101
6099
6098
6097
6095
6094
6093
6092
6092
6090
6089
6088
6088
6088
6088
6087
6087
6086
6086
6085
6085
6083
6081
6081
6078
6078
6078
6077
6077
6077
6076
6076
6074
6074
6073
6070
6070
6067
6066
6065
6065
6064
6063
6062
6061
6060
6060
6059
6059
6057
6052
6051
6051
6051
6051
6050
6049
6048
6047
6046
6046
6045
6045
6043
6043
6043
6043
6040
6040
6039
6039
6038
6037
6036
6035
6035
6032
6032
6031
6031
6025
6024
6023
6023
6022
6022
6020
6019
6018
6017
6015
6015
6015
6014
6014
6011
6011
6011
6009
6008
6007
6006
6006
6006
6005
6005
6000
5999
5999
5999
5998
5997
5997
5997
5996
5995
5994
5994
5991
5991
5990
5990
5990
5989
5986
5985
5985
5984
5983
5982
5981
5980
5978
5977
5977
5976
5975
5975
5974
5974
5973
5973
5972
5971
5971
5970
5970
5970
5969
5968
5968
5968
5967
5964
5960
5960
5960
5958
5958
5958
5957
5957
5956
5956
5954
5953
5953
5953
5948
5947
5947
5945
5943
5943
5942
5941
5941
5941
5940
5940
5940
5940
5937
5937
5936
5936
5936
5936
5934
5934
5934
5932
5931
5930
5929
5929
5928
5928
5926
5925
5925
5924
5922
5922
5921
5918
5918
5917
5916
5916
5915
5915
5914
5912
5909
5909
5908
5907
5906
5906
5906
5905
5904
5903
5902
5902
5901
5900
5899
5898
5897
5893
5890
5889
5887
5887
5887
5886
5886
5886
5884
5882
5881
5880
5879
5878
5878
5877
5875
5875
5875
5874
5874
5872
5868
5868
5866
5866
5865
5864
5864
5863
5862
5862
5862
5862
5860
5859
5858
5858
5858
5858
5856
5854
5853
5851
5849
5849
5849
5847
5847
5847
5846
5843
5842
5842
5840
5838
5838
5837
5836
5835
5834
5834
5833
5833
5832
5831
5830
5828
5828
5827
5827
5824
5822
5821
5820
5818
5817
5817
5815
5815
5814
5813
5813
5810
5810
5810
5810
5810
5808
5808
5807
5806
5806
5805
5805
5804
5803
5803
5801
5801
5801
5801
5800
5800
5800
5799
5799
5797
5797
5795
5795
5794
5794
5794
5793
5792
5791
5790
5790
5789
5789
5788
5787
5786
5785
5785
5783
5782
5782
5782
5781
5781
5780
5779
5779
5779
5778
5777
5777
5777
5776
5776
5775
5775
5773
5772
5771
5770
5770
5770
5769
5766
5765
5765
5764
5762
5762
5760
5759
5758
5756
5754
5754
5753
5747
5746
5744
5744
5742
5741
5741
5741
5741
5737
5737
5735
5733
5733
5732
5731
5731
5730
5730
5728
5727
5727
5726
5726
5726
5725
5725
5724
5723
5723
5722
5722
5722
5721
5721
5721
5720
5720
5720
5719
5719
5715
5715
5713
5712
5712
5711
5709
5709
5706
5706
5705
5704
5702
5702
5702
5701
5700
5699
5698
5697
5697
5696
5696
5695
5694
5694
5692
5690
5690
5689
5689
5688
5687
5687
5686
5686
5685
5683
5682
5680
5677
5676
5673
5672
5671
5669
5668
5668
5667
5666
5664
5664
5663
5663
5662
5662
5661
5660
5658
5657
5656
5653
5653
5653
5652
5652
5651
5651
5650
5649
5648
5647
5644
5644
5644
5643
5643
5640
5640
5639
5638
5637
5635
5634
5633
5633
5632
5632
5632
5630
5629
5629
5628
5627
5627
5625
5624
5620
5620
5618
5617
5616
5616
5615
5615
5614
5614
5614
5614
5613
5610
5609
5609
5607
5606
5606
5603
5603
5603
5602
5601
5600
5599
5599
5597
5597
5596
5596
5594
5594
5593
5592
5592
5592
5592
5591
5588
5588
5585
5584
5583
5581
5577
5575
5573
5572
5571
5571
5569
5568
5566
5565
5564
5564
5564
5564
5563
5563
5560
5560
5557
5557
5557
5557
5555
5555
5554
5551
5549
5549
5548
5548
5547
5546
5545
5544
5542
5541
5540
5539
5538
5536
5536
5533
5532
5531
5530
5530
5528
5528
5527
5526
5523
5522
5522
5520
5518
5517
5514
5514
5510
5510
5509
5509
5506
5506
5505
5505
5504
5500
5499
5498
5497
5497
5497
5497
5496
5496
5495
5494
5494
5493
5493
5492
5491
5490
5489
5489
5488
5486
5485
5484
5484
5483
5481
5480
5480
5479
5479
5479
5478
5477
5476
5476
5476
5476
5475
5474
5473
5473
5472
5472
5470
5470
5470
5469
5469
5469
5468
5468
5466
5466
5465
5463
5460
5459
5458
5454
5453
5452
5451
5450
5449
5448
5446
5446
5445
5444
5444
5444
5444
5443
5443
5443
5442
5441
5438
5436
5433
5432
5431
5431
5431
5430
5430
5428
5425
5423
5422
5422
5422
5421
5421
5421
5420
5419
5418
5416
5415
5415
5412
5411
5410
5410
5409
5408
5408
5408
5408
5408
5403
5401
5400
5399
5399
5398
5397
5396
5394
5392
5390
5390
5389
5388
5387
5386
5386
5385
5385
5382
5382
5381
5380
5379
5379
5375
5374
5372
5371
5371
5370
5369
5368
5368
5368
5366
5366
5366
5365
5365
5363
5363
5363
5362
5361
5361
5360
5359
5359
5358
5357
5356
5356
5355
5354
5354
5351
5351
5349
5349
5348
5347
5346
5345
5345
5345
5345
5345
5343
5343
5343
5341
5340
5340
5340
5340
5339
5339
5337
5333
5331
5329
5329
5328
5328
5327
5327
5327
5324
5323
5322
5321
5320
5318
5317
5317
5315
5310
5309
5309
5308
5307
5306
5305
5303
5303
5301
5300
5299
5299
5297
5297
5296
5296
5296
5295
5295
5294
5293
5291
5290
5289
5288
5288
5288
5288
5286
5284
5284
5283
5283
5283
5283
5283
5283
5282
5280
5280
5277
5277
5277
5276
5276
5274
5273
5272
5271
5271
5270
5270
5269
5267
5266
5266
5262
5261
5260
5259
5259
5258
5257
5255
5254
5254
5254
5251
5251
5249
5248
5247
5246
5246
5243
5243
5243
5242
5241
5240
5239
5238
5236
5235
5233
5232
5230
5229
5229
5227
5226
5226
5224
5221
5220
5220
5219
5217
5217
5215
5214
5213
5211
5211
5211
5210
5210
5207
5207
5206
5203
5202
5200
5196
5194
5193
5191
5190
5189
5189
5186
5186
5186
5186
5184
5184
5183
5181
5180
5180
5178
5177
5176
5175
5175
5173
5173
5173
5171
5170
5170
5169
5168
5168
5168
5167
5167
5165
5165
5164
5160
5157
5156
5156
5155
5154
5154
5154
5152
5148
5145
5142
5141
5140
5140
5139
5137
5137
5135
5135
5133
5133
5133
5133
5132
5130
5130
5129
5128
5126
5126
5126
5126
5124
5124
5122
5119
5119
5118
5115
5114
5113
5113
5111
5111
5111
5108
5107
5105
5105
5105
5105
5103
5102
5102
5100
5099
5098
5097
5095
5095
5094
5093
5091
5089
5088
5088
5087
5087
5087
5087
5086
5085
5085
5085
5083
5082
5081
5081
5078
5077
5076
5075
5071
5070
5070
5068
5066
5066
5065
5064
5064
5063
5063
5062
5060
5059
5059
5058
5057
5057
5056
5056
5056
5055
5054
5053
5052
5052
5051
5050
5049
5049
5047
5047
5044
5044
5043
5043
5042
5042
5040
5040
5039
5039
5038
5037
5036
5034
5034
5032
5032
5031
5031
5029
5029
5028
5028
5027
5026
5023
5019
5016
5016
5016
5016
5014
5013
5013
5013
5013
5013
5011
5010
5009
5008
5008
5006
5005
5004
5004
4999
4999
4998
4998
4998
4997
4996
4996
4994
4992
4991
4991
4990
4990
4989
4988
4987
4985
4984
4983
4983
4983
4980
4980
4980
4980
4979
4978
4977
4977
4977
4976
4974
4972
4972
4971
4971
4970
4969
4969
4969
4968
4966
4965
4965
4965
4964
4963
4961
4960
4958
4957
4957
4956
4956
4951
4951
4950
4949
4948
4948
4947
4947
4946
4946
4946
4945
4943
4942
4940
4940
4935
4935
4935
4933
4933
4928
4927
4927
4926
4925
4924
4923
4920
4919
4918
4916
4916
4914
4914
4914
4912
4907
4906
4906
4906
4905
4905
4902
4901
4900
4899
4897
4895
4895
4892
4891
4888
4887
4886
4884
4884
4882
4881
4879
4877
4877
4876
4873
4873
4873
4870
4870
4870
4868
4867
4866
4865
4863
4863
4862
4862
4860
4858
4858
4858
4858
4855
4854
4852
4850
4849
4848
4847
4846
4843
4842
4839
4834
4834
4833
4833
4832
4832
4831
4831
4831
4829
4829
4826
4825
4824
4823
4823
4819
4818
4817
4816
4816
4816
4816
4815
4815
4814
4814
4813
4812
4811
4809
4808
4808
4808
4808
4805
4805
4804
4803
4803
4801
4800
4799
4798
4798
4798
4796
4794
4793
4792
4792
4791
4789
4787
4786
4784
4782
4782
4781
4781
4779
4776
4775
4775
4775
4775
4775
4775
4774
4772
4772
4771
4770
4768
4766
4765
4764
4764
4764
4763
4762
4762
4762
4761
4761
4759
4759
4759
4757
4757
4756
4753
4753
4753
4752
4752
4752
4750
4748
4748
4748
4748
4747
4746
4745
4744
4744
4740
4739
4734
4734
4734
4733
4732
4727
4726
4726
4724
4724
4723
4723
4720
4718
4717
4715
4712
4712
4712
4711
4711
4710
4710
4710
4708
4707
4707
4706
4705
4705
4704
4700
4700
4699
4699
4697
4697
4697
4696
4691
4687
4687
4681
4677
4677
4677
4676
4676
4672
4670
4669
4669
4669
4669
4668
4668
4665
4664
4663
4662
4662
4661
4660
4659
4658
4658
4657
4656
4654
4654
4654
4653
4652
4652
4652
4651
4650
4649
4648
4647
4646
4644
4644
4644
4644
4643
4642
4640
4639
4639
4639
4639
4637
4636
4636
4636
4636
4635
4634
4633
4631
4631
4630
4628
4627
4627
4625
4625
4623
4622
4621
4620
4618
4618
4615
4613
4612
4611
4611
4610
4610
4609
4609
4606
4606
4605
4605
4604
4604
4603
4603
4603
4602
4601
4599
4597
4595
4592
4592
4591
4591
4590
4590
4588
4587
4587
4586
4585
4585
4584
4582
4580
4578
4578
4577
4577
4577
4577
4574
4572
4571
4570
4570
4569
4569
4569
4568
4568
4566
4565
4564
4564
4563
4563
4561
4560
4560
4558
4558
4556
4555
4554
4551
4550
4548
4548
4547
4547
4547
4547
4544
4543
4541
4541
4539
4537
4537
4537
4537
4536
4536
4534
4534
4532
4531
4527
4526
4526
4524
4524
4523
4522
4518
4515
4515
4514
4513
4512
4511
4511
4511
4510
4509
4507
4506
4506
4506
4505
4505
4504
4503
4502
4501
4500
4500
4499
4498
4496
4496
4495
4494
4494
4492
4491
4491
4490
4489
4489
4486
4483
4481
4480
4480
4477
4477
4477
4476
4476
4476
4475
4475
4475
4474
4473
4469
4468
4468
4465
4464
4462
4462
4460
4460
4456
4452
4450
4449
4449
4449
4449
4448
4448
4447
4443
4443
4442
4439
4439
4439
4439
4438
4437
4437
4435
4434
4433
4432
4432
4431
4431
4431
4429
4429
4429
4428
4417
4417
4415
4412
4405
4405
4404
4404
4404
4403
4402
4401
4401
4400
4400
4398
4397
4397
4396
4395
4392
4391
4390
4388
4388
4386
4384
4378
4373
4372
4372
4372
4371
4367
4367
4367
4366
4364
4363
4363
4362
4362
4362
4361
4359
4359
4358
4358
4358
4357
4357
4357
4356
4356
4355
4355
4353
4351
4350
4350
4349
4349
4349
4349
4348
4347
4347
4346
4346
4346
4344
4343
4339
4337
4335
4335
4335
4333
4333
4333
4332
4332
4331
4331
4329
4329
4328
4325
4324
4324
4323
4321
4320
4318
4315
4314
4313
4312
4312
4310
4310
4308
4307
4306
4304
4303
4303
4302
4302
4301
4301
4299
4299
4298
4297
4297
4297
4297
4296
4295
4295
4295
4292
4291
4290
4290
4288
4287
4287
4284
4283
4276
4276
4274
4271
4271
4269
4267
4266
4258
4258
4257
4257
4254
4253
4252
4251
4250
4250
4250
4249
4249
4249
4248
4247
4246
4243
4243
4241
4241
4241
4240
4240
4238
4237
4236
4236
4235
4232
4232
4229
4229
4229
4229
4229
4228
4228
4226
4223
4222
4221
4221
4220
4219
4219
4217
4217
4216
4216
4215
4213
4213
4213
4212
4211
4210
4207
4205
4204
4202
4202
4201
4199
4198
4198
4198
4197
4195
4194
4192
4191
4191
4189
4189
4188
4188
4187
4186
4184
4184
4184
4183
4183
4181
4178
4178
4178
4177
4174
4173
4173
4172
4170
4169
4168
4168
4168
4167
4167
4166
4165
4165
4165
4163
4163
4163
4162
4162
4161
4161
4159
4159
4157
4156
4155
4155
4154
4153
4153
4152
4151
4150
4150
4149
4149
4148
4145
4144
4142
4140
4139
4138
4136
4135
4134
4134
4131
4130
4130
4130
4129
4129
4129
4129
4127
4125
4122
4122
4121
4121
4119
4118
4117
4114
4114
4110
4109
4109
4108
4108
4108
4108
4108
4106
4105
4104
4103
4102
4102
4100
4100
4098
4096
4095
4094
4094
4093
4093
4091
4089
4089
4086
4084
4083
4082
4082
4082
4082
4081
4077
4076
4073
4073
4072
4072
4070
4070
4069
4068
4067
4067
4066
4065
4064
4063
4060
4059
4059
4058
4057
4057
4056
4055
4055
4054
4054
4054
4052
4051
4050
4049
4049
4048
4047
4046
4046
4043
4043
4042
4041
4041
4036
4035
4034
4034
4034
4033
4033
4033
4032
4031
4030
4030
4030
4028
4028
4026
4025
4024
4022
4022
4017
4016
4016
4015
4013
4013
4013
4013
4011
4011
4006
4006
4004
4003
4003
4001
4000
3998
3998
3997
3995
3995
3995
3989
3989
3989
3987
3987
3986
3986
3985
3981
3980
3979
3979
3979
3978
3976
3976
3974
3973
3970
3967
3967
3967
3966
3965
3964
3964
3963
3960
3959
3959
3959
3957
3957
3956
3955
3952
3952
3951
3951
3949
3948
3947
3945
3943
3943
3942
3942
3938
3936
3935
3933
3932
3932
3931
3927
3927
3926
3926
3923
3923
3923
3923
3923
3922
3921
3919
3918
3917
3917
3912
3912
3911
3910
3909
3909
3909
3908
3907
3905
3905
3905
3904
3904
3904
3902
3902
3901
3900
3898
3897
3895
3894
3894
3893
3893
3893
3892
3892
3892
3890
3889
3888
3887
3884
3884
3881
3880
3880
3879
3878
3876
3875
3874
3873
3873
3872
3871
3870
3868
3868
3867
3865
3865
3865
3862
3862
3860
3859
3858
3856
3856
3855
3854
3852
3850
3849
3848
3845
3844
3844
3843
3843
3842
3842
3842
3841
3841
3840
3840
3839
3838
3837
3836
3836
3835
3832
3831
3831
3829
3828
3828
3828
3827
3825
3825
3822
3821
3820
3819
3816
3815
3814
3813
3813
3812
3810
3809
3808
3807
3806
3805
3804
3803
3802
3799
3795
3794
3794
3791
3791
3788
3787
3786
3785
3778
3776
3775
3774
3773
3770
3769
3768
3767
3765
3764
3764
3763
3763
3762
3762
3762
3762
3760
3757
3757
3757
3754
3751
3750
3749
3747
3742
3740
3739
3736
3735
3734
3733
3732
3732
3732
3731
3730
3729
3728
3728
3728
3726
3724
3724
3723
3723
3723
3721
3719
3719
3716
3716
3715
3711
3711
3710
3707
3706
3706
3705
3705
3705
3705
3704
3703
3701
3699
3698
3696
3695
3694
3692
3690
3689
3687
3686
3685
3683
3681
3680
3680
3677
3673
3671
3668
3666
3666
3666
3666
3666
3665
3664
3662
3662
3661
3661
3660
3660
3659
3658
3657
3655
3655
3654
3652
3651
3651
3651
3650
3647
3647
3646
3646
3645
3644
3644
3643
3642
3641
3641
3636
3631
3631
3630
3630
3627
3627
3627
3625
3622
3622
3622
3621
3621
3620
3620
3619
3619
3617
3615
3615
3613
3613
3612
3611
3609
3609
3606
3606
3606
3606
3605
3604
3604
3603
3603
3602
3602
3601
3599
3598
3597
3597
3595
3595
3595
3594
3592
3590
3587
3587
3587
3586
3585
3583
3583
3583
3581
3580
3580
3578
3577
3576
3576
3576
3574
3574
3574
3573
3571
3571
3570
3570
3569
3566
3565
3564
3563
3562
3561
3560
3559
3558
3556
3556
3553
3552
3552
3551
3551
3551
3551
3549
3549
3549
3548
3547
3547
3547
3546
3546
3546
3544
3544
3543
3542
3542
3541
3540
3539
3538
3538
3536
3535
3532
3528
3527
3525
3523
3522
3521
3520
3520
3519
3515
3513
3513
3511
3511
3511
3510
3509
3509
3507
3507
3504
3502
3500
3500
3500
3499
3498
3498
3497
3495
3493
3493
3493
3492
3492
3491
3491
3488
3487
3483
3483
3481
3480
3480
3475
3475
3475
3474
3471
3469
3468
3468
3468
3467
3463
3463
3461
3461
3460
3460
3459
3458
3457
3456
3453
3452
3452
3451
3451
3451
3448
3448
3447
3445
3445
3445
3443
3442
3439
3439
3436
3436
3434
3433
3433
3431
3430
3428
3428
3427
3426
3425
3423
3423
3422
3417
3416
3415
3414
3413
3413
3409
3409
3408
3408
3407
3406
3406
3406
3405
3404
3403
3401
3401
3401
3401
3401
3399
3399
3399
3399
3398
3398
3398
3395
3395
3394
3394
3391
3390
3389
3389
3389
3389
3388
3387
3387
3386
3386
3383
3380
3378
3378
3378
3376
3375
3373
3371
3365
3364
3363
3363
3362
3360
3359
3357
3356
3355
3354
3353
3352
3352
3349
3346
3345
3345
3344
3342
3341
3340
3339
3339
3338
3337
3337
3336
3333
3332
3331
3329
3329
3329
3327
3325
3325
3323
3323
3322
3321
3320
3319
3316
3313
3312
3312
3309
3309
3308
3308
3307
3306
3305
3305
3305
3305
3304
3304
3303
3303
3303
3303
3301
3301
3299
3299
3299
3299
3299
3298
3296
3293
3292
3291
3289
3289
3289
3287
3284
3284
3281
3281
3281
3280
3280
3279
3279
3278
3277
3277
3276
3275
3275
3274
3274
3274
3274
3273
3272
3272
3271
3269
3269
3265
3265
3264
3262
3261
3261
3260
3260
3259
3257
3256
3256
3254
3253
3252
3251
3250
3249
3249
3247
3246
3244
3244
3244
3244
3243
3242
3241
3241
3241
3241
3241
3240
3239
3238
3238
3237
3235
3235
3234
3232
3230
3229
3228
3228
3228
3225
3225
3224
3223
3223
3222
3221
3221
3219
3219
3218
3217
3217
3216
3216
3216
3215
3214
3214
3214
3214
3213
3210
3210
3210
3209
3207
3205
3204
3203
3200
3199
3198
3195
3194
3194
3193
3192
3189
3189
3188
3188
3186
3185
3184
3183
3182
3181
3180
3179
3178
3177
3177
3175
3175
3174
3174
3173
3170
3170
3170
3169
3167
3166
3165
3164
3163
3163
3162
3160
3159
3159
3158
3158
3157
3156
3155
3153
3153
3148
3144
3143
3141
3140
3138
3138
3137
3136
3136
3136
3136
3135
3134
3133
3133
3133
3131
3131
3130
3129
3129
3128
3128
3126
3126
3124
3123
3121
3120
3117
3117
3116
3116
3114
3114
3113
3112
3112
3111
3111
3109
3107
3107
3106
3106
3106
3106
3106
3105
3104
3102
3102
3101
3101
3101
3100
3100
3100
3100
3100
3099
3099
3099
3098
3098
3098
3098
3097
3097
3097
3097
3097
3096
3096
3095
3092
3092
3090
3090
3090
3089
3089
3088
3087
3086
3086
3086
3082
3082
3082
3080
3079
3078
3077
3077
3077
3074
3074
3073
3073
3072
3072
3072
3071
3071
3068
3067
3066
3065
3065
3064
3064
3063
3061
3057
3057
3055
3054
3054
3053
3053
3052
3052
3052
3051
3051
3051
3051
3050
3050
3048
3048
3048
3047
3040
3040
3038
3037
3035
3032
3031
3028
3027
3024
3024
3024
3024
3022
3021
3020
3020
3020
3020
3018
3014
3014
3013
3010
3010
3006
3005
3004
3002
3001
3000
2999
2999
2998
2997
2997
2996
2996
2995
2994
2994
2993
2992
2990
2988
2988
2985
2985
2983
2981
2978
2978
2978
2977
2977
2976
2976
2975
2974
2974
2973
2972
2972
2972
2970
2969
2967
2967
2964
2964
2962
2961
2960
2959
2958
2956
2956
2954
2953
2952
2952
2952
2950
2950
2949
2947
2947
2944
2943
2942
2942
2941
2940
2940
2938
2936
2935
2935
2935
2932
2930
2929
2925
2925
2924
2923
2923
2921
2921
2921
2920
2919
2919
2919
2917
2916
2915
2911
2911
2910
2910
2908
2908
2908
2907
2906
2904
2904
2902
2900
2900
2900
2899
2898
2898
2897
2897
2896
2895
2895
2895
2894
2893
2892
2891
2888
2888
2888
2887
2887
2885
2884
2884
2883
2883
2882
2882
2880
2880
2877
2876
2876
2875
2875
2874
2874
2874
2873
2873
2872
2872
2871
2870
2870
2869
2868
2867
2867
2866
2864
2864
2862
2859
2859
2859
2859
2858
2857
2857
2856
2856
2854
2852
2850
2849
2849
2848
2848
2847
2846
2845
2845
2845
2844
2844
2844
2843
2842
2842
2841
2841
2841
2840
2838
2837
2835
2833
2833
2833
2831
2830
2830
2829
2828
2827
2824
2823
2823
2823
2821
2819
2819
2819
2819
2818
2818
2817
2816
2815
2813
2812
2812
2810
2808
2806
2806
2805
2805
2802
2801
2801
2800
2800
2797
2797
2797
2796
2796
2792
2792
2790
2789
2789
2789
2787
2785
2785
2784
2781
2780
2778
2775
2774
2772
2772
2769
2768
2764
2760
2759
2756
2756
2753
2752
2752
2750
2746
2745
2744
2743
2743
2743
2742
2741
2741
2740
2739
2738
2737
2737
2733
2732
2732
2732
2731
2729
2728
2727
2727
2726
2726
2725
2725
2725
2724
2722
2722
2721
2721
2721
2721
2721
2720
2719
2719
2718
2716
2715
2714
2714
2713
2713
2710
2709
2708
2707
2706
2706
2706
2705
2705
2703
2703
2702
2697
2697
2696
2694
2694
2694
2693
2692
2691
2690
2690
2690
2688
2688
2687
2687
2686
2685
2683
2680
2679
2679
2678
2675
2674
2674
2674
2673
2673
2671
2671
2670
2669
2668
2668
2668
2668
2667
2665
2664
2663
2662
2661
2661
2660
2659
2658
2655
2654
2652
2652
2652
2652
2650
2648
2647
2647
2646
2644
2644
2642
2641
2640
2640
2638
2638
2637
2635
2635
2634
2634
2634
2634
2633
2629
2627
2626
2626
2625
2625
2624
2623
2621
2621
2620
2619
2619
2617
2617
2616
2616
2615
2615
2615
2614
2611
2611
2607
2606
2605
2605
2603
2603
2602
2601
2600
2599
2598
2598
2596
2596
2595
2595
2593
2592
2592
2592
2590
2590
2588
2587
2587
2584
2581
2580
2580
2579
2579
2578
2575
2574
2574
2573
2572
2568
2566
2565
2565
2563
2562
2561
2561
2561
2561
2560
2559
2559
2558
2557
2554
2554
2550
2549
2547
2546
2543
2541
2541
2540
2539
2539
2539
2538
2537
2533
2532
2531
2531
2530
2529
2529
2528
2528
2526
2525
2523
2523
2521
2520
2520
2518
2518
2515
2514
2512
2510
2509
2508
2507
2506
2506
2506
2505
2503
2503
2502
2501
2500
2500
2499
2496
2496
2492
2491
2490
2490
2489
2489
2489
2488
2488
2488
2487
2486
2486
2483
2483
2483
2482
2480
2479
2479
2479
2478
2478
2477
2477
2476
2475
2475
2475
2474
2474
2473
2472
2472
2472
2472
2469
2468
2467
2467
2466
2466
2463
2461
2460
2459
2459
2458
2458
2457
2457
2456
2455
2454
2454
2453
2452
2451
2447
2446
2444
2444
2443
2441
2440
2439
2438
2435
2433
2433
2431
2431
2431
2429
2428
2426
2426
2424
2424
2423
2423
2423
2421
2421
2421
2420
2419
2419
2418
2416
2416
2415
2412
2411
2409
2409
2407
2406
2404
2401
2401
2400
2400
2398
2396
2396
2393
2392
2388
2388
2386
2384
2384
2384
2382
2381
2380
2380
2377
2375
2373
2372
2371
2371
2371
2370
2370
2370
2370
2369
2367
2366
2366
2365
2365
2363
2362
2360
2360
2357
2356
2356
2355
2354
2354
2354
2352
2352
2350
2348
2347
2347
2346
2345
2342
2341
2338
2336
2335
2334
2334
2334
2333
2333
2332
2330
2330
2330
2329
2328
2325
2324
2323
2321
2321
2321
2320
2320
2317
2314
2312
2310
2309
2309
2309
2308
2306
2306
2306
2305
2302
2301
2300
2300
2298
2298
2296
2294
2294
2293
2292
2292
2291
2290
2289
2289
2289
2289
2285
2283
2283
2283
2283
2282
2282
2280
2279
2278
2278
2278
2277
2276
2276
2275
2275
2274
2274
2273
2272
2271
2270
2270
2270
2268
2268
2266
2264
2264
2264
2262
2262
2261
2261
2260
2259
2257
2257
2255
2254
2253
2252
2252
2250
2249
2249
2246
2245
2242
2242
2241
2240
2240
2238
2238
2236
2236
2235
2234
2233
2232
2232
2229
2229
2227
2226
2223
2223
2222
2222
2222
2221
2221
2218
2215
2214
2211
2210
2209
2209
2208
2208
2206
2204
2201
2201
2200
2199
2199
2197
2195
2193
2189
2189
2189
2188
2185
2183
2182
2182
2182
2180
2179
2179
2177
2177
2177
2176
2174
2174
2172
2171
2171
2171
2170
2170
2169
2167
2167
2164
2164
2160
2160
2159
2157
2157
2155
2153
2153
2151
2151
2149
2147
2145
2143
2141
2139
2138
2137
2137
2137
2137
2135
2132
2131
2130
2130
2129
2128
2127
2127
2126
2126
2126
2126
2123
2123
2123
2122
2121
2119
2118
2115
2115
2111
2107
2107
2106
2106
2105
2104
2104
2102
2101
2097
2096
2096
2095
2095
2094
2092
2090
2086
2082
2081
2081
2080
2078
2078
2076
2076
2076
2074
2074
2073
2073
2072
2071
2070
2069
2068
2066
2065
2064
2064
2062
2060
2059
2058
2058
2056
2056
2055
2052
2051
2050
2048
2045
2045
2044
2042
2041
2040
2039
2039
2033
2033
2031
2031
2031
2030
2027
2026
2026
2026
2024
2023
2022
2022
2021
2019
2016
2016
2015
2014
2014
2013
2013
2013
2012
2011
2010
2010
2007
2005
2004
2003
2003
2003
2003
2001
1997
1997
1996
1995
1995
1993
1993
1993
1989
1987
1987
1985
1984
1984
1984
1983
1982
1980
1977
1975
1975
1974
1974
1974
1972
1971
1971
1970
1969
1969
1968
1967
1967
1966
1964
1962
1962
1962
1961
1959
1958
1958
1957
1957
1957
1953
1952
1952
1951
1950
1950
1949
1946
1945
1943
1941
1941
1940
1939
1938
1938
1937
1936
1935
1934
1928
1928
1927
1925
1924
1924
1923
1922
1921
1920
1920
1918
1918
1918
1917
1911
1909
1908
1907
1904
1904
1902
1902
1899
1899
1898
1897
1897
1897
1897
1896
1896
1895
1895
1893
1893
1892
1891
1891
1889
1888
1886
1886
1885
1884
1884
1883
1883
1883
1883
1882
1881
1881
1879
1878
1876
1873
1870
1868
1867
1865
1864
1862
1860
1860
1860
1859
1858
1856
1856
1856
1855
1854
1854
1853
1852
1852
1851
1850
1849
1848
1842
1841
1841
1841
1839
1839
1838
1835
1833
1833
1832
1832
1832
1831
1830
1830
1828
1828
1828
1826
1826
1825
1823
1823
1822
1819
1818
1816
1816
1815
1815
1814
1814
1813
1812
1811
1810
1808
1808
1807
1801
1801
1800
1799
1799
1797
1796
1795
1795
1795
1791
1791
1787
1785
1784
1782
1781
1781
1780
1777
1777
1777
1776
1776
1776
1775
1774
1772
1770
1770
1770
1768
1765
1764
1764
1763
1762
1761
1761
1759
1758
1758
1757
1756
1749
1749
1749
1748
1747
1746
1745
1744
1743
1743
1741
1740
1740
1740
1737
1737
1737
1736
1734
1734
1734
1734
1732
1732
1731
1729
1728
1728
1727
1727
1725
1724
1721
1720
1719
1717
1717
1716
1716
1715
1714
1714
1714
1714
1713
1710
1708
1707
1707
1703
1702
1701
1700
1700
1699
1698
1697
1696
1695
1695
1694
1694
1693
1693
1693
1692
1692
1687
1686
1685
1684
1684
1684
1683
1681
1679
1679
1676
1675
1675
1674
1673
1673
1673
1673
1673
1672
1671
1670
1670
1668
1667
1667
1667
1665
1663
1662
1662
1662
1661
1661
1659
1659
1659
1658
1657
1657
1655
1654
1654
1654
1654
1653
1653
1653
1652
1652
1652
1650
1650
1650
1649
1647
1646
1645
1644
1644
1643
1642
1641
1639
1636
1636
1635
1634
1634
1634
1633
1633
1631
1628
1627
1627
1627
1626
1624
1624
1623
1623
1622
1622
1620
1620
1620
1620
1618
1617
1615
1614
1614
1613
1612
1611
1609
1608
1608
1607
1607
1605
1605
1602
1599
1598
1598
1597
1595
1594
1594
1593
1592
1591
1590
1590
1589
1587
1587
1587
1586
1586
1585
1585
1585
1584
1584
1584
1584
1583
1582
1580
1579
1577
1577
1574
1572
1570
1569
1569
1567
1562
1562
1560
1559
1559
1559
1557
1557
1555
1555
1553
1550
1549
1548
1546
1545
1544
1543
1542
1541
1540
1540
1539
1539
1539
1539
1538
1535
1535
1534
1534
1534
1532
1531
1530
1530
1529
1527
1526
1525
1524
1524
1524
1523
1523
1522
1522
1521
1518
1517
1516
1515
1514
1513
1512
1510
1508
1508
1508
1507
1507
1507
1505
1505
1504
1504
1504
1504
1504
1502
1501
1501
1497
1495
1494
1493
1491
1490
1489
1489
1489
1488
1484
1484
1482
1482
1481
1480
1478
1477
1477
1476
1473
1472
1469
1469
1466
1465
1464
1464
1463
1462
1461
1460
1459
1459
1458
1457
1457
1455
1454
1454
1453
1453
1452
1451
1450
1448
1447
1443
1441
1441
1440
1440
1438
1438
1437
1437
1435
1434
1433
1432
1430
1426
1425
1419
1418
1417
1417
1416
1415
1413
1412
1412
1409
1409
1408
1407
1406
1405
1405
1404
1403
1402
1401
1401
1400
1400
1397
1396
1395
1393
1390
1389
1388
1388
1385
1384
1381
1381
1379
1377
1377
1377
1377
1376
1376
1375
1374
1374
1374
1373
1373
1373
1372
1372
1370
1370
1369
1369
1368
1366
1366
1366
1365
1365
1365
1365
1364
1363
1363
1362
1362
1359
1358
1358
1358
1357
1354
1350
1349
1349
1348
1345
1343
1342
1341
1341
1341
1339
1338
1338
1338
1336
1334
1334
1333
1333
1333
1332
1330
1329
1329
1329
1328
1324
1323
1323
1323
1320
1319
1318
1318
1318
1317
1316
1315
1315
1314
1310
1310
1309
1309
1308
1306
1304
1303
1302
1300
1292
1292
1290
1290
1289
1289
1285
1284
1284
1282
1281
1281
1280
1279
1277
1275
1275
1275
1275
1274
1274
1273
1273
1272
1272
1271
1271
1271
1270
1270
1268
1267
1266
1266
1265
1263
1263
1263
1262
1261
1261
1261
1260
1260
1257
1256
1254
1254
1253
1253
1253
1253
1250
1249
1248
1247
1246
1245
1241
1240
1240
1238
1236
1233
1233
1233
1232
1230
1230
1228
1227
1224
1223
1222
1220
1220
1220
1216
1216
1214
1213
1212
1211
1211
1210
1209
1207
1206
1205
1204
1204
1204
1199
1198
1197
1197
1196
1196
1196
1196
1195
1195
1195
1194
1194
1193
1192
1192
1190
1190
1190
1190
1190
1189
1188
1186
1185
1184
1183
1182
1181
1180
1179
1178
1177
1176
1175
1175
1173
1172
1172
1170
1168
1167
1166
1165
1165
1163
1163
1156
1156
1155
1154
1154
1150
1150
1148
1148
1147
1147
1147
1145
1144
1144
1142
1138
1136
1128
1128
1127
1126
1125
1125
1123
1120
1117
1117
1117
1114
1113
1112
1112
1110
1108
1106
1106
1106
1106
1106
1106
1106
1105
1105
1105
1104
1101
1098
1095
1094
1092
1091
1091
1089
1089
1085
1084
1084
1084
1083
1081
1079
1079
1078
1078
1075
1075
1074
1073
1071
1071
1070
1067
1065
1065
1065
1065
1064
1064
1064
1063
1063
1063
1063
1062
1061
1060
1060
1058
1057
1055
1052
1048
1048
1048
1048
1047
1046
1044
1044
1042
1042
1040
1040
1038
1037
1036
1034
1033
1032
1031
1031
1030
1029
1025
1025
1024
1024
1023
1022
1022
1021
1019
1019
1018
1018
1017
1016
1016
1014
1012
1011
1010
1010
1009
1006
1005
1004
1003
1003
1000
1000
997
997
995
994
992
990
988
987
986
986
986
986
985
984
984
983
983
982
982
981
981
978
978
977
976
975
972
971
971
968
967
967
966
966
965
964
963
962
962
959
959
958
958
957
956
956
955
948
946
943
941
938
937
937
934
934
933
931
930
928
926
925
924
924
923
922
920
919
918
918
917
913
913
912
912
911
910
910
909
908
908
908
907
906
902
901
901
899
899
898
898
896
896
894
894
893
891
891
890
890
890
890
889
889
888
888
887
886
885
885
883
883
881
879
878
878
878
874
872
872
871
871
871
870
868
868
867
866
866
865
864
864
860
860
857
856
853
853
850
848
847
846
844
842
841
840
840
840
839
839
835
834
833
833
833
833
832
830
830
828
822
822
821
820
818
818
817
814
814
812
812
810
810
809
809
808
808
808
808
807
806
805
805
804
804
804
803
803
801
801
800
800
799
798
797
797
797
796
794
793
792
790
788
787
787
787
786
785
785
784
783
783
782
782
780
779
778
778
776
775
775
774
773
772
772
770
770
765
764
763
763
762
761
761
759
759
757
756
756
756
755
755
754
753
752
751
750
750
749
749
748
746
745
745
744
744
744
742
741
741
740
740
739
739
738
736
736
734
734
733
732
732
732
732
729
729
729
728
727
727
726
725
724
724
723
723
718
718
714
713
713
713
712
710
710
709
708
708
706
705
701
701
700
700
700
699
698
698
697
697
696
687
685
685
684
683
681
680
680
679
678
675
674
674
674
673
672
670
669
669
668
667
666
665
665
665
664
664
664
664
663
662
662
658
658
658
657
656
655
655
655
655
654
654
653
652
651
649
648
648
646
646
645
643
642
639
639
636
636
635
635
634
634
634
633
633
632
630
629
626
625
625
623
622
622
622
622
620
619
618
617
616
616
614
614
612
612
612
610
608
608
605
603
603
602
601
601
600
597
596
595
595
593
593
592
592
592
592
591
588
586
586
585
584
582
581
579
577
576
575
574
574
574
572
571
571
570
567
567
566
562
561
560
558
557
555
552
552
551
547
546
542
542
541
539
538
538
538
538
537
537
535
534
532
532
530
529
526
523
523
523
522
522
520
520
519
519
519
516
511
511
509
508
506
505
504
503
503
503
501
500
500
499
499
496
495
493
493
492
491
491
491
490
488
488
488
488
488
487
487
486
486
486
485
485
483
482
478
477
475
472
472
464
463
462
462
461
460
459
459
458
458
457
457
456
455
455
455
454
454
453
452
450
449
448
447
447
446
446
446
445
443
442
441
437
434
432
431
429
429
428
426
425
423
423
422
422
421
420
419
418
415
413
412
411
408
406
406
404
404
401
401
401
400
400
400
399
397
396
395
393
393
393
392
392
391
391
391
391
391
386
384
384
383
383
383
382
381
379
379
377
377
374
374
373
371
371
370
370
368
368
367
365
365
363
363
363
363
362
362
361
361
360
359
359
358
357
357
356
355
353
352
352
352
352
351
350
347
345
344
343
341
341
336
336
335
331
331
330
329
328
328
326
325
325
324
322
322
321
319
319
316
313
312
312
310
309
308
307
306
303
302
302
302
301
300
300
299
298
298
298
297
297
297
295
295
294
293
292
291
291
290
289
287
287
283
283
282
281
279
278
276
276
276
276
275
275
275
273
272
271
270
270
268
267
267
265
264
263
262
259
258
256
255
253
251
251
251
250
248
246
245
244
243
242
241
240
240
240
240
239
238
238
237
236
235
233
232
232
231
229
229
229
228
228
228
227
227
227
224
224
223
223
223
223
221
220
219
219
218
218
217
216
216
215
208
205
204
204
203
201
201
198
196
193
192
191
187
186
185
185
184
183
182
181
181
180
180
179
179
176
176
175
175
175
175
172
171
170
170
170
168
168
168
166
166
166
165
164
162
161
161
160
159
158
158
157
156
154
153
153
152
150
150
148
147
147
146
146
145
144
144
139
139
139
137
137
135
135
133
131
129
128
127
124
122
122
118
116
114
114
114
114
114
113
113
113
110
109
109
108
105
105
104
104
103
103
103
102
101
100
98
97
95
94
94
93
93
93
91
91
88
86
85
85
84
84
81
80
78
78
77
77
77
76
75
72
69
69
68
66
66
65
64
64
62
61
58
58
57
57
57
57
56
56
55
54
51
51
51
51
49
49
48
47
47
45
43
43
41
41
39
38
38
38
36
35
35
35
35
35
34
34
33
33
32
30
30
29
27
27
27
26
26
23
22
22
21
20
20
19
18
16
15
15
13
12
11
11
10
10
9
9
9
9
8
8
7
5
4
4
0
