0
1
2
5
7
8
8
11
11
11
14
16
16
16
17
17
18
23
25
25
25
27
28
29
30
31
31
32
33
34
35
35
36
37
38
39
40
40
41
41
43
44
44
46
46
47
47
47
49
49
49
50
50
52
52
53
55
55
57
58
59
59
60
61
62
64
64
65
65
65
66
66
67
68
70
70
71
71
71
74
74
75
77
78
79
81
83
84
84
88
89
89
89
91
91
91
92
93
93
94
98
98
98
98
98
99
100
101
102
102
103
103
103
104
105
105
106
108
108
111
111
111
112
113
113
113
114
114
117
118
119
119
122
124
127
127
127
129
129
129
133
134
134
135
135
136
138
138
138
139
140
141
142
145
148
149
149
150
151
152
154
154
155
157
158
158
159
159
160
161
162
162
162
165
166
167
167
168
170
170
170
171
172
172
172
174
176
177
180
180
181
182
183
183
183
185
186
186
187
188
189
189
192
194
195
195
196
197
198
200
201
202
202
202
204
204
205
205
205
205
206
208
209
209
212
213
213
214
215
219
221
222
223
225
226
226
228
228
229
229
230
230
231
231
232
236
236
239
239
240
240
240
241
241
241
241
241
243
245
246
251
251
253
254
254
255
256
260
260
261
262
265
266
266
267
268
268
269
269
271
271
271
272
272
273
273
274
274
275
275
275
275
276
277
280
280
282
282
284
286
290
291
291
295
295
296
296
297
298
299
300
300
300
300
301
302
302
303
303
303
304
306
306
308
310
310
316
316
318
318
318
319
320
322
324
325
325
325
325
326
327
327
327
328
330
330
330
330
332
333
333
334
336
338
338
338
339
339
339
339
340
341
341
341
343
344
345
346
347
347
348
352
353
354
355
355
357
357
360
360
362
365
366
366
367
368
368
368
370
370
372
374
375
375
375
376
377
378
379
380
380
381
382
382
383
386
389
389
390
392
393
393
395
400
400
403
405
405
406
407
408
409
409
410
414
415
416
417
418
419
423
428
428
433
435
436
437
438
439
439
440
441
441
441
446
446
448
448
448
449
450
450
451
451
451
452
454
456
456
458
458
458
459
459
461
462
465
469
469
470
470
471
473
475
477
477
479
480
482
482
483
484
484
485
485
487
489
492
492
494
496
498
498
499
500
500
501
503
504
504
504
505
506
507
507
507
508
510
511
513
514
514
515
516
517
521
522
522
522
523
524
526
526
531
533
537
539
540
541
543
543
544
546
546
546
547
547
548
550
552
552
552
552
555
555
555
556
556
557
557
559
559
560
561
561
562
562
562
562
563
563
564
565
565
566
566
566
566
566
566
566
568
568
575
576
577
577
578
583
583
584
584
585
585
585
585
586
586
589
589
589
591
591
592
593
594
596
596
596
598
598
604
604
605
607
607
608
611
611
612
612
612
612
614
616
618
619
620
620
622
623
624
625
625
625
628
629
630
630
632
632
633
633
633
633
634
635
637
637
639
640
644
645
645
646
646
647
649
650
650
652
652
652
653
655
655
659
660
660
661
661
662
664
665
667
667
668
670
670
670
670
670
671
673
673
674
674
674
677
677
678
678
678
679
679
681
682
683
683
683
684
686
686
686
687
689
690
691
695
698
701
702
703
703
703
704
704
706
706
709
709
712
715
716
717
717
717
717
719
720
720
721
723
724
725
726
726
727
727
727
730
731
734
734
735
735
736
737
737
739
739
740
740
742
743
744
744
746
747
747
747
748
748
748
749
749
750
751
753
754
755
755
756
758
760
761
763
764
764
765
766
766
767
767
769
771
771
771
774
776
777
777
778
778
778
779
779
780
782
784
784
787
787
787
790
791
792
794
795
798
799
800
804
804
805
805
806
806
807
809
809
809
810
811
811
814
817
818
818
820
820
823
824
825
826
828
829
830
831
833
836
837
837
837
839
839
839
840
841
841
843
843
843
844
845
845
845
846
847
847
847
847
849
851
853
853
854
854
855
858
858
859
859
860
860
862
862
863
863
864
865
865
866
866
867
867
868
869
870
871
871
872
873
877
878
879
880
880
881
882
882
883
885
886
886
886
887
888
889
890
890
893
893
894
895
895
896
898
899
899
900
902
902
904
905
911
911
912
913
914
914
915
915
915
917
918
918
918
919
920
921
921
921
921
922
922
923
925
928
928
929
930
931
932
932
933
934
936
940
940
941
942
942
946
946
948
948
949
950
950
951
952
954
954
955
957
960
961
962
962
964
965
966
967
967
967
968
969
969
970
971
971
971
972
975
976
979
980
980
981
982
982
983
984
984
984
985
986
986
988
988
988
989
989
989
992
993
993
995
996
997
1000
1000
1001
1001
1001
1002
1002
1003
1003
1004
1005
1006
1006
1008
1009
1010
1014
1016
1017
1019
1019
1020
1020
1020
1020
1020
1021
1023
1023
1024
1025
1026
1027
1027
1028
1028
1030
1032
1033
1033
1034
1035
1037
1038
1041
1042
1043
1044
1046
1047
1048
1050
1051
1052
1053
1053
1054
1055
1059
1061
1063
1064
1064
1065
1068
1068
1069
1070
1070
1071
1072
1074
1076
1078
1078
1079
1081
1082
1082
1086
1086
1087
1088
1088
1088
1090
1090
1091
1091
1092
1093
1094
1094
1094
1097
1097
1097
1099
1099
1100
1100
1105
1106
1107
1108
1108
1109
1110
1111
1112
1112
1112
1113
1114
1114
1115
1116
1117
1117
1119
1120
1121
1121
1122
1122
1122
1122
1123
1125
1125
1125
1127
1128
1128
1129
1129
1129
1131
1131
1132
1133
1139
1142
1142
1143
1143
1143
1144
1145
1145
1147
1147
1149
1150
1150
1150
1150
1150
1151
1152
1154
1155
1155
1156
1156
1156
1160
1162
1162
1162
1163
1163
1164
1166
1166
1166
1166
1167
1171
1172
1172
1172
1174
1176
1178
1178
1178
1180
1180
1181
1181
1186
1186
1187
1188
1190
1192
1192
1192
1194
1195
1196
1197
1198
1198
1199
1200
1200
1203
1203
1203
1204
1206
1207
1207
1207
1210
1212
1212
1212
1214
1215
1215
1215
1215
1216
1217
1217
1217
1219
1220
1220
1222
1223
1223
1224
1224
1225
1225
1226
1228
1229
1230
1232
1232
1232
1236
1236
1237
1237
1237
1240
1240
1241
1241
1243
1243
1244
1244
1244
1244
1245
1245
1247
1247
1249
1250
1251
1251
1253
1253
1254
1254
1257
1257
1260
1260
1261
1262
1263
1264
1264
1264
1265
1266
1266
1268
1270
1272
1272
1273
1273
1274
1276
1276
1277
1278
1279
1279
1280
1280
1281
1281
1282
1282
1282
1283
1283
1283
1284
1285
1286
1286
1287
1289
1290
1290
1290
1291
1292
1292
1292
1296
1297
1297
1299
1299
1300
1300
1301
1304
1306
1310
1312
1315
1315
1315
1315
1315
1318
1318
1321
1321
1326
1328
1329
1331
1331
1333
1333
1336
1338
1339
1341
1341
1342
1343
1344
1347
1348
1349
1352
1352
1352
1355
1357
1357
1358
1359
1360
1360
1362
1363
1372
1372
1373
1374
1374
1374
1375
1379
1380
1380
1381
1381
1382
1382
1385
1386
1386
1390
1391
1392
1392
1393
1394
1394
1395
1398
1398
1399
1402
1405
1405
1406
1407
1407
1408
1408
1410
1410
1412
1413
1413
1414
1416
1419
1419
1421
1421
1421
1423
1423
1423
1428
1428
1428
1430
1433
1433
1433
1434
1436
1438
1438
1439
1439
1440
1440
1441
1443
1443
1444
1444
1447
1447
1449
1449
1449
1449
1450
1450
1451
1451
1452
1453
1453
1454
1456
1458
1458
1459
1462
1464
1468
1469
1470
1471
1472
1475
1476
1478
1478
1479
1479
1480
1481
1482
1483
1485
1487
1487
1488
1489
1491
1493
1495
1495
1497
1498
1500
1501
1502
1503
1505
1506
1506
1509
1510
1511
1511
1512
1512
1514
1516
1516
1519
1520
1521
1522
1522
1523
1524
1525
1526
1529
1531
1532
1534
1534
1540
1543
1547
1547
1548
1551
1553
1555
1557
1557
1558
1558
1560
1562
1563
1564
1565
1567
1568
1570
1570
1571
1571
1571
1572
1572
1573
1573
1573
1574
1581
1581
1583
1583
1583
1584
1585
1587
1587
1588
1590
1593
1593
1594
1594
1594
1596
1597
1598
1599
1599
1599
1601
1603
1603
1603
1604
1605
1607
1610
1611
1611
1612
1613
1613
1615
1616
1616
1617
1618
1619
1619
1620
1621
1622
1622
1622
1622
1622
1622
1624
1624
1624
1625
1625
1627
1629
1630
1630
1630
1630
1632
1635
1636
1639
1639
1640
1642
1643
1643
1646
1647
1649
1649
1649
1649
1650
1654
1654
1655
1655
1656
1657
1658
1658
1659
1659
1659
1660
1662
1662
1663
1663
1664
1664
1664
1666
1668
1668
1669
1669
1675
1675
1677
1677
1679
1679
1680
1680
1682
1682
1683
1684
1684
1684
1685
1685
1686
1687
1690
1692
1692
1693
1698
1699
1700
1702
1703
1704
1705
1705
1706
1707
1708
1708
1708
1708
1710
1710
1712
1712
1713
1715
1716
1719
1721
1721
1721
1723
1723
1724
1724
1725
1725
1725
1726
1728
1732
1732
1733
1735
1739
1740
1740
1742
1743
1744
1746
1746
1746
1746
1750
1751
1754
1754
1755
1755
1758
1759
1759
1760
1760
1762
1762
1764
1765
1766
1766
1767
1768
1768
1768
1769
1770
1770
1771
1771
1772
1772
1776
1776
1780
1780
1781
1782
1784
1784
1784
1787
1788
1789
1789
1789
1792
1792
1792
1794
1795
1795
1796
1796
1797
1802
1803
1803
1806
1806
1807
1808
1809
1813
1813
1815
1815
1815
1815
1818
1820
1820
1820
1821
1821
1821
1821
1821
1822
1823
1824
1825
1827
1828
1828
1829
1830
1831
1831
1831
1832
1833
1834
1837
1838
1839
1839
1840
1840
1840
1843
1845
1845
1845
1845
1846
1847
1850
1852
1853
1855
1856
1856
1857
1857
1857
1858
1860
1861
1862
1862
1862
1862
1864
1864
1865
1866
1867
1867
1868
1869
1872
1872
1872
1873
1873
1874
1874
1880
1880
1881
1882
1883
1883
1884
1889
1889
1890
1892
1893
1894
1896
1896
1897
1897
1900
1900
1902
1902
1903
1904
1904
1906
1907
1908
1908
1910
1910
1914
1914
1915
1915
1917
1917
1919
1921
1921
1922
1924
1924
1924
1925
1925
1927
1929
1930
1930
1931
1931
1931
1931
1932
1933
1934
1934
1934
1935
1936
1937
1937
1937
1938
1939
1939
1940
1940
1941
1943
1943
1944
1944
1944
1944
1945
1945
1946
1946
1946
1947
1949
1950
1950
1952
1954
1957
1958
1959
1959
1960
1961
1965
1966
1967
1970
1970
1970
1973
1974
1975
1975
1975
1976
1977
1979
1980
1981
1981
1983
1983
1984
1985
1985
1986
1986
1988
1988
1988
1989
1991
1991
1991
1993
1995
1996
1996
1999
2004
2006
2007
2007
2011
2013
2015
2019
2024
2024
2025
2029
2029
2030
2031
2032
2032
2033
2036
2036
2037
2038
2038
2038
2039
2040
2040
2040
2040
2041
2043
2044
2044
2044
2048
2048
2050
2053
2053
2054
2054
2056
2058
2058
2060
2061
2062
2062
2062
2062
2063
2063
2064
2066
2066
2068
2068
2069
2070
2071
2072
2074
2075
2075
2076
2076
2077
2078
2078
2080
2082
2083
2083
2084
2085
2085
2086
2086
2086
2087
2087
2087
2088
2089
2089
2089
2090
2090
2091
2093
2094
2097
2098
2099
2100
2101
2103
2105
2106
2106
2107
2107
2107
2108
2108
2109
2111
2111
2112
2113
2115
2115
2117
2117
2117
2119
2119
2119
2122
2122
2122
2123
2123
2124
2125
2127
2127
2130
2131
2131
2131
2132
2133
2134
2135
2135
2135
2136
2136
2136
2138
2138
2138
2142
2143
2145
2147
2150
2151
2152
2154
2154
2154
2154
2155
2155
2155
2157
2158
2159
2160
2161
2161
2162
2163
2163
2164
2164
2164
2165
2167
2168
2168
2169
2174
2175
2176
2176
2178
2178
2178
2180
2180
2181
2182
2184
2185
2185
2186
2186
2188
2189
2189
2193
2193
2193
2194
2195
2196
2197
2198
2199
2199
2199
2199
2201
2202
2203
2203
2204
2204
2204
2205
2206
2207
2208
2209
2210
2211
2211
2215
2215
2216
2216
2217
2218
2221
2225
2228
2229
2229
2230
2230
2230
2231
2231
2232
2233
2234
2235
2235
2239
2241
2241
2244
2244
2244
2245
2245
2245
2246
2246
2248
2252
2252
2253
2254
2255
2256
2257
2259
2259
2260
2261
2263
2263
2263
2264
2264
2264
2265
2267
2268
2268
2269
2270
2271
2271
2272
2273
2273
2274
2274
2275
2275
2275
2275
2276
2277
2277
2278
2278
2278
2279
2280
2281
2282
2283
2283
2285
2287
2287
2288
2288
2289
2289
2290
2291
2293
2295
2298
2299
2301
2301
2302
2306
2307
2307
2310
2311
2311
2311
2313
2313
2313
2313
2314
2314
2316
2317
2318
2318
2319
2322
2323
2323
2324
2325
2325
2327
2329
2330
2330
2330
2330
2330
2332
2333
2333
2333
2334
2338
2339
2340
2340
2341
2342
2342
2343
2344
2345
2345
2346
2348
2348
2350
2350
2354
2355
2357
2357
2358
2358
2359
2361
2361
2361
2362
2363
2365
2365
2366
2367
2368
2368
2370
2370
2373
2374
2375
2375
2376
2376
2378
2378
2379
2379
2379
2379
2380
2381
2386
2388
2389
2389
2389
2390
2390
2390
2391
2391
2393
2395
2395
2397
2399
2400
2400
2401
2401
2403
2403
2403
2403
2403
2404
2404
2404
2404
2405
2406
2408
2412
2413
2413
2414
2415
2415
2416
2416
2416
2417
2417
2418
2419
2419
2421
2421
2424
2424
2425
2426
2426
2427
2428
2429
2430
2432
2432
2433
2434
2436
2443
2445
2445
2447
2448
2450
2452
2452
2453
2454
2455
2460
2460
2461
2461
2461
2462
2465
2466
2466
2466
2468
2470
2472
2473
2474
2474
2476
2476
2477
2478
2478
2479
2481
2482
2484
2485
2486
2487
2488
2490
2493
2493
2495
2495
2495
2498
2499
2499
2502
2502
2502
2503
2505
2505
2507
2508
2509
2511
2511
2511
2512
2512
2513
2515
2516
2516
2516
2516
2517
2518
2521
2522
2523
2523
2524
2524
2525
2525
2527
2528
2530
2531
2532
2533
2533
2535
2536
2536
2538
2538
2539
2539
2541
2543
2545
2546
2546
2547
2547
2548
2549
2549
2549
2550
2551
2553
2553
2555
2557
2559
2559
2559
2560
2561
2562
2563
2563
2564
2564
2566
2567
2567
2568
2570
2570
2571
2573
2575
2575
2577
2577
2578
2579
2579
2579
2583
2583
2584
2585
2586
2586
2587
2589
2589
2589
2593
2594
2595
2600
2601
2605
2605
2610
2612
2613
2613
2613
2614
2614
2616
2616
2618
2623
2623
2624
2625
2626
2626
2626
2628
2632
2632
2633
2638
2638
2639
2639
2640
2643
2644
2646
2647
2648
2650
2651
2652
2655
2655
2655
2656
2656
2657
2658
2660
2661
2662
2662
2664
2665
2665
2666
2668
2671
2671
2671
2673
2673
2673
2674
2674
2676
2677
2677
2677
2677
2678
2679
2679
2682
2683
2683
2686
2686
2686
2686
2689
2689
2690
2691
2691
2693
2693
2697
2697
2699
2700
2700
2701
2701
2702
2702
2703
2703
2703
2704
2704
2705
2706
2707
2708
2708
2709
2711
2712
2712
2716
2717
2719
2722
2722
2723
2725
2726
2727
2727
2728
2730
2731
2731
2732
2734
2736
2737
2739
2740
2741
2745
2746
2746
2747
2747
2748
2748
2748
2750
2750
2751
2752
2752
2756
2756
2756
2758
2759
2759
2760
2760
2760
2761
2763
2764
2768
2768
2771
2772
2773
2773
2774
2775
2776
2778
2781
2782
2783
2784
2785
2786
2788
2790
2791
2791
2792
2792
2793
2795
2799
2801
2802
2804
2805
2805
2806
2807
2808
2808
2811
2811
2814
2814
2816
2819
2819
2819
2820
2820
2821
2822
2824
2824
2824
2829
2833
2834
2835
2835
2837
2838
2838
2839
2840
2841
2842
2843
2843
2844
2844
2844
2845
2846
2847
2848
2849
2850
2850
2852
2852
2853
2854
2855
2855
2856
2858
2858
2859
2861
2862
2862
2863
2863
2863
2866
2870
2871
2871
2872
2872
2874
2874
2876
2877
2881
2881
2881
2884
2884
2885
2885
2887
2888
2888
2888
2888
2889
2890
2890
2891
2891
2891
2893
2895
2895
2897
2898
2901
2902
2903
2904
2906
2907
2909
2909
2911
2912
2913
2914
2914
2915
2915
2915
2915
2916
2917
2917
2918
2918
2925
2925
2925
2926
2927
2931
2933
2933
2933
2933
2934
2936
2938
2942
2943
2944
2945
2945
2945
2946
2946
2947
2947
2947
2949
2950
2951
2951
2953
2954
2955
2956
2957
2959
2959
2961
2961
2962
2963
2963
2965
2965
2967
2968
2969
2969
2972
2973
2977
2980
2981
2982
2982
2982
2982
2984
2984
2984
2985
2985
2989
2989
2991
2992
2992
2993
2993
2993
2994
2997
2998
2998
2999
2999
3001
3003
3004
3005
3005
3007
3008
3009
3010
3012
3012
3015
3018
3019
3021
3023
3025
3026
3026
3030
3030
3030
3031
3032
3032
3033
3035
3036
3037
3037
3038
3039
3042
3045
3045
3045
3045
3046
3048
3049
3049
3049
3050
3052
3053
3056
3056
3057
3060
3060
3061
3063
3063
3064
3064
3064
3065
3066
3067
3067
3068
3069
3069
3070
3070
3070
3071
3072
3072
3073
3076
3077
3078
3079
3081
3081
3081
3081
3082
3082
3083
3083
3084
3086
3086
3087
3089
3094
3095
3096
3096
3097
3097
3098
3098
3099
3100
3100
3101
3102
3103
3103
3103
3104
3105
3105
3109
3109
3112
3115
3115
3115
3119
3120
3122
3123
3123
3123
3124
3125
3127
3128
3130
3132
3134
3136
3137
3137
3141
3141
3142
3143
3143
3144
3145
3146
3147
3148
3148
3149
3150
3152
3152
3153
3153
3155
3155
3156
3157
3157
3158
3159
3159
3160
3160
3161
3161
3161
3165
3165
3165
3166
3167
3169
3171
3171
3173
3175
3175
3176
3176
3179
3179
3180
3180
3180
3181
3187
3190
3191
3191
3192
3193
3193
3193
3193
3196
3198
3198
3200
3201
3201
3203
3204
3204
3204
3204
3205
3205
3206
3206
3207
3208
3208
3209
3210
3210
3214
3215
3215
3217
3219
3220
3222
3222
3225
3225
3225
3225
3225
3226
3226
3228
3229
3230
3232
3232
3232
3233
3234
3234
3234
3235
3236
3237
3237
3237
3237
3240
3241
3242
3246
3247
3249
3249
3249
3251
3251
3251
3251
3253
3255
3255
3255
3256
3256
3257
3260
3260
3261
3261
3261
3261
3261
3261
3263
3264
3264
3265
3266
3267
3267
3268
3268
3269
3270
3271
3271
3275
3276
3276
3278
3278
3279
3281
3281
3285
3285
3285
3286
3286
3287
3287
3290
3290
3292
3292
3293
3293
3296
3297
3297
3299
3300
3301
3302
3302
3303
3304
3304
3304
3305
3306
3306
3307
3307
3309
3309
3310
3310
3310
3310
3311
3311
3312
3312
3313
3314
3314
3315
3316
3317
3317
3318
3318
3318
3318
3319
3319
3321
3323
3323
3325
3326
3326
3329
3329
3330
3332
3333
3333
3336
3337
3339
3342
3344
3344
3346
3346
3347
3347
3350
3352
3352
3353
3354
3358
3359
3359
3359
3361
3361
3362
3362
3362
3366
3369
3369
3370
3370
3372
3373
3375
3375
3376
3377
3377
3377
3380
3381
3382
3382
3383
3384
3385
3386
3386
3386
3387
3388
3390
3390
3391
3391
3392
3394
3398
3399
3401
3401
3401
3402
3403
3404
3405
3408
3408
3410
3410
3411
3411
3416
3416
3419
3420
3424
3424
3425
3426
3429
3430
3431
3436
3436
3438
3438
3438
3439
3439
3443
3443
3444
3445
3445
3446
3447
3450
3451
3451
3452
3457
3457
3457
3458
3458
3459
3461
3462
3463
3465
3465
3466
3468
3468
3470
3470
3470
3471
3471
3471
3472
3473
3473
3475
3476
3477
3477
3478
3479
3479
3480
3480
3482
3483
3485
3487
3488
3489
3490
3491
3491
3492
3492
3493
3493
3494
3494
3495
3495
3498
3502
3503
3505
3505
3505
3506
3509
3509
3509
3510
3511
3512
3512
3513
3513
3514
3515
3515
3515
3515
3515
3515
3517
3517
3517
3517
3518
3520
3520
3520
3521
3521
3523
3526
3526
3526
3530
3530
3530
3531
3532
3532
3533
3535
3536
3537
3537
3538
3541
3541
3542
3545
3549
3549
3550
3551
3551
3551
3553
3553
3553
3554
3555
3557
3558
3558
3558
3560
3561
3561
3564
3565
3565
3566
3566
3566
3566
3570
3571
3572
3575
3576
3578
3578
3578
3579
3580
3581
3581
3582
3583
3583
3583
3584
3585
3585
3585
3586
3587
3587
3589
3590
3591
3592
3593
3593
3593
3595
3595
3595
3596
3597
3599
3600
3601
3603
3604
3604
3604
3605
3606
3607
3608
3608
3608
3609
3610
3610
3611
3615
3616
3618
3619
3619
3620
3620
3621
3621
3621
3622
3623
3625
3627
3627
3629
3630
3630
3631
3632
3632
3633
3633
3636
3637
3638
3638
3639
3641
3641
3641
3642
3643
3644
3645
3645
3645
3646
3646
3646
3646
3647
3647
3647
3648
3650
3651
3652
3654
3655
3656
3658
3658
3659
3659
3660
3660
3661
3661
3661
3661
3662
3663
3664
3666
3666
3667
3668
3669
3670
3670
3670
3671
3674
3677
3679
3680
3681
3683
3684
3685
3686
3686
3687
3688
3690
3691
3694
3696
3697
3697
3698
3699
3699
3701
3703
3704
3705
3705
3707
3707
3707
3707
3708
3711
3716
3717
3719
3721
3724
3725
3726
3728
3729
3730
3731
3731
3734
3735
3736
3736
3737
3741
3742
3743
3744
3744
3744
3745
3747
3747
3747
3747
3750
3751
3751
3752
3752
3754
3754
3754
3758
3758
3759
3760
3761
3761
3762
3762
3764
3764
3765
3767
3767
3769
3769
3769
3769
3769
3770
3771
3771
3772
3773
3773
3773
3775
3776
3776
3778
3778
3779
3783
3784
3784
3786
3786
3786
3787
3789
3789
3790
3790
3791
3791
3791
3792
3792
3793
3793
3793
3795
3796
3796
3798
3798
3799
3803
3804
3805
3806
3812
3812
3816
3816
3817
3817
3818
3818
3820
3821
3822
3823
3824
3826
3827
3829
3829
3829
3833
3833
3834
3836
3837
3840
3841
3843
3844
3845
3845
3846
3846
3846
3847
3847
3848
3849
3853
3854
3855
3856
3857
3858
3858
3859
3859
3863
3863
3865
3865
3866
3869
3869
3872
3872
3873
3873
3874
3877
3877
3877
3878
3878
3878
3880
3880
3880
3882
3887
3887
3888
3890
3891
3892
3895
3897
3898
3898
3899
3900
3900
3901
3902
3903
3906
3908
3909
3909
3910
3911
3912
3913
3913
3913
3915
3916
3922
3924
3924
3925
3925
3926
3926
3927
3928
3930
3930
3931
3931
3932
3933
3937
3938
3940
3942
3943
3943
3943
3944
3946
3946
3946
3946
3946
3946
3947
3947
3949
3951
3951
3951
3953
3953
3954
3955
3957
3958
3960
3962
3962
3963
3963
3963
3963
3966
3970
3971
3971
3972
3973
3973
3975
3975
3978
3979
3982
3982
3983
3984
3986
3987
3987
3988
3989
3990
3990
3990
3992
3995
3995
3997
3997
3998
3998
3998
4000
4000
4003
4003
4003
4004
4005
4005
4006
4009
4011
4011
4013
4013
4015
4016
4016
4017
4022
4023
4023
4024
4030
4032
4033
4035
4035
4035
4037
4039
4040
4040
4042
4042
4042
4044
4044
4047
4050
4051
4051
4051
4052
4052
4055
4055
4055
4057
4057
4059
4060
4060
4060
4061
4061
4063
4063
4064
4065
4065
4067
4067
4069
4069
4069
4069
4069
4070
4072
4073
4073
4074
4075
4076
4076
4078
4080
4081
4082
4083
4083
4084
4085
4086
4086
4088
4090
4091
4092
4093
4094
4096
4097
4098
4099
4101
4102
4102
4103
4104
4104
4105
4107
4108
4109
4109
4110
4110
4112
4115
4115
4116
4116
4116
4117
4118
4118
4119
4119
4119
4121
4121
4121
4123
4123
4124
4124
4127
4127
4127
4128
4129
4129
4132
4132
4134
4135
4137
4138
4138
4139
4141
4143
4144
4147
4148
4148
4151
4152
4153
4156
4156
4157
4158
4158
4159
4160
4161
4162
4162
4166
4170
4173
4174
4174
4175
4178
4178
4178
4178
4181
4181
4183
4184
4186
4187
4188
4188
4191
4192
4194
4194
4194
4195
4195
4196
4197
4197
4198
4199
4199
4200
4200
4200
4202
4203
4203
4203
4204
4204
4205
4208
4208
4208
4208
4211
4213
4213
4215
4215
4215
4215
4216
4217
4218
4219
4220
4221
4222
4222
4222
4225
4226
4226
4228
4231
4233
4235
4236
4236
4236
4237
4238
4238
4238
4238
4238
4240
4244
4245
4246
4250
4250
4253
4255
4255
4257
4257
4259
4260
4260
4260
4262
4262
4262
4264
4266
4267
4270
4271
4272
4272
4272
4273
4274
4274
4274
4275
4278
4278
4279
4281
4281
4282
4282
4283
4284
4285
4285
4285
4286
4288
4288
4290
4291
4294
4295
4297
4297
4298
4298
4299
4299
4301
4302
4305
4305
4306
4306
4306
4306
4308
4308
4310
4310
4310
4311
4311
4311
4311
4312
4312
4313
4313
4316
4318
4319
4320
4320
4324
4325
4327
4327
4328
4331
4332
4334
4334
4335
4336
4336
4336
4336
4337
4338
4338
4339
4339
4339
4340
4340
4341
4341
4341
4344
4345
4345
4345
4347
4348
4348
4348
4349
4349
4350
4353
4353
4354
4355
4356
4357
4357
4358
4360
4361
4362
4362
4363
4364
4364
4364
4366
4366
4366
4368
4368
4369
4371
4371
4374
4376
4376
4376
4377
4378
4379
4379
4380
4380
4382
4383
4383
4383
4384
4385
4385
4386
4386
4386
4386
4388
4390
4391
4392
4393
4394
4395
4395
4396
4399
4399
4399
4400
4403
4409
4411
4411
4412
4412
4413
4414
4414
4414
4414
4415
4415
4416
4417
4418
4420
4422
4422
4423
4424
4427
4427
4428
4429
4429
4429
4431
4431
4431
4432
4433
4433
4433
4434
4439
4441
4442
4443
4444
4446
4447
4449
4451
4451
4453
4453
4455
4456
4456
4456
4456
4457
4457
4457
4458
4459
4460
4460
4460
4461
4463
4464
4467
4468
4469
4469
4470
4471
4473
4476
4478
4479
4480
4480
4480
4484
4485
4486
4487
4487
4487
4489
4489
4490
4490
4491
4491
4492
4493
4495
4496
4500
4502
4503
4504
4506
4506
4510
4510
4511
4511
4511
4511
4512
4512
4513
4514
4514
4515
4515
4517
4517
4518
4519
4519
4520
4524
4526
4529
4529
4530
4531
4532
4533
4533
4533
4534
4534
4535
4535
4537
4537
4537
4537
4539
4540
4543
4543
4544
4544
4546
4546
4546
4549
4552
4554
4554
4556
4558
4560
4560
4561
4563
4563
4565
4567
4567
4567
4568
4569
4570
4571
4573
4573
4574
4574
4574
4575
4575
4576
4576
4577
4578
4579
4580
4581
4581
4582
4582
4582
4582
4583
4585
4585
4588
4589
4589
4590
4591
4592
4593
4593
4594
4594
4595
4595
4596
4596
4596
4598
4598
4599
4600
4601
4601
4602
4603
4603
4607
4607
4608
4609
4609
4609
4612
4613
4614
4614
4614
4615
4616
4616
4616
4617
4617
4618
4620
4621
4621
4621
4622
4625
4626
4627
4627
4629
4630
4630
4631
4631
4631
4632
4632
4633
4637
4638
4639
4640
4641
4641
4641
4643
4646
4647
4648
4650
4651
4653
4654
4656
4657
4658
4658
4659
4661
4662
4663
4663
4664
4666
4666
4667
4667
4671
4671
4675
4676
4677
4678
4679
4680
4683
4683
4685
4686
4693
4694
4696
4698
4698
4698
4698
4699
4699
4701
4702
4703
4703
4704
4706
4707
4709
4709
4711
4712
4713
4713
4716
4718
4719
4719
4720
4721
4722
4727
4728
4728
4730
4730
4730
4730
4732
4734
4736
4736
4736
4738
4738
4740
4740
4741
4741
4742
4742
4742
4744
4747
4748
4748
4750
4751
4755
4756
4756
4759
4759
4762
4762
4763
4764
4764
4765
4767
4771
4773
4775
4775
4776
4777
4777
4777
4778
4778
4780
4780
4782
4783
4783
4783
4783
4784
4785
4786
4787
4787
4787
4787
4788
4788
4789
4790
4790
4792
4793
4794
4795
4795
4797
4797
4798
4798
4798
4799
4799
4800
4801
4802
4806
4806
4807
4807
4808
4808
4808
4809
4809
4810
4813
4813
4813
4814
4814
4815
4816
4816
4818
4821
4821
4821
4821
4824
4824
4825
4825
4826
4827
4828
4828
4829
4831
4831
4832
4833
4833
4834
4836
4837
4838
4840
4840
4841
4843
4843
4845
4845
4847
4849
4850
4850
4851
4852
4854
4855
4857
4861
4861
4862
4862
4863
4864
4864
4865
4867
4867
4868
4868
4869
4872
4874
4876
4877
4877
4878
4878
4878
4878
4882
4882
4883
4885
4886
4889
4890
4891
4891
4894
4895
4896
4896
4897
4897
4897
4902
4902
4903
4904
4905
4906
4906
4907
4910
4911
4912
4914
4915
4916
4916
4917
4917
4917
4917
4918
4919
4921
4921
4921
4922
4924
4924
4924
4927
4928
4928
4929
4930
4930
4935
4937
4938
4940
4941
4941
4945
4946
4949
4950
4951
4953
4955
4958
4958
4958
4959
4963
4963
4964
4964
4966
4968
4968
4968
4968
4969
4970
4970
4971
4971
4971
4972
4974
4974
4974
4975
4976
4976
4977
4977
4978
4980
4982
4982
4982
4984
4984
4984
4984
4985
4985
4987
4988
4994
4996
4997
4998
4999
5000
5002
5003
5004
5005
5007
5007
5008
5008
5008
5009
5009
5010
5010
5010
5011
5011
5011
5012
5014
5014
5015
5015
5015
5019
5019
5019
5020
5020
5021
5021
5023
5024
5026
5026
5027
5027
5028
5028
5028
5029
5033
5035
5036
5036
5037
5038
5038
5039
5041
5042
5043
5043
5044
5044
5046
5046
5046
5046
5046
5049
5050
5050
5052
5053
5055
5056
5057
5060
5060
5061
5061
5063
5063
5066
5067
5069
5069
5070
5071
5071
5073
5073
5076
5076
5076
5076
5077
5079
5079
5081
5082
5082
5083
5084
5084
5087
5090
5091
5092
5092
5095
5096
5097
5098
5098
5098
5099
5102
5102
5103
5105
5107
5107
5107
5108
5109
5111
5112
5113
5113
5114
5114
5115
5116
5116
5117
5117
5117
5118
5118
5120
5121
5121
5121
5121
5121
5122
5122
5123
5126
5127
5127
5128
5128
5129
5129
5130
5131
5133
5133
5134
5135
5140
5140
5141
5141
5143
5146
5146
5148
5148
5150
5151
5152
5156
5157
5157
5159
5159
5159
5160
5163
5167
5167
5168
5168
5169
5171
5172
5176
5177
5178
5182
5183
5183
5184
5185
5186
5186
5187
5187
5188
5188
5189
5189
5191
5193
5194
5194
5197
5197
5198
5200
5201
5203
5203
5206
5209
5210
5211
5211
5213
5213
5214
5215
5216
5218
5219
5220
5224
5224
5225
5225
5226
5226
5227
5227
5227
5227
5228
5229
5230
5232
5233
5234
5235
5236
5239
5242
5243
5243
5244
5246
5248
5248
5249
5249
5249
5249
5251
5252
5252
5254
5256
5257
5257
5257
5259
5259
5260
5265
5265
5266
5267
5267
5267
5267
5268
5268
5269
5269
5270
5272
5273
5273
5273
5276
5276
5277
5277
5277
5278
5279
5280
5281
5284
5288
5288
5288
5288
5290
5290
5291
5294
5294
5295
5297
5299
5300
5300
5300
5300
5301
5302
5305
5305
5306
5306
5306
5308
5309
5310
5311
5311
5312
5315
5317
5317
5318
5318
5320
5320
5321
5322
5323
5323
5323
5324
5327
5328
5331
5332
5332
5332
5334
5337
5338
5338
5340
5341
5341
5341
5342
5342
5344
5344
5344
5345
5348
5350
5350
5351
5351
5351
5352
5352
5353
5355
5355
5356
5357
5361
5362
5362
5362
5363
5364
5364
5365
5365
5365
5366
5366
5367
5367
5370
5371
5372
5372
5372
5373
5373
5373
5376
5377
5377
5377
5377
5380
5380
5381
5383
5384
5384
5384
5385
5385
5386
5386
5386
5388
5391
5392
5392
5392
5394
5394
5394
5395
5395
5395
5397
5397
5401
5401
5401
5402
5404
5404
5404
5405
5407
5407
5408
5409
5410
5410
5413
5413
5414
5416
5417
5417
5418
5418
5420
5421
5421
5421
5422
5424
5425
5425
5426
5427
5429
5430
5431
5431
5431
5432
5432
5434
5434
5435
5435
5436
5437
5437
5439
5441
5441
5441
5442
5444
5446
5447
5448
5449
5449
5450
5450
5452
5453
5453
5455
5456
5456
5457
5459
5460
5460
5463
5464
5465
5465
5466
5466
5467
5469
5471
5473
5473
5473
5475
5477
5478
5480
5482
5485
5487
5488
5489
5489
5490
5490
5492
5493
5493
5494
5494
5495
5496
5497
5500
5500
5500
5503
5503
5506
5506
5507
5510
5510
5511
5513
5514
5515
5516
5517
5518
5518
5518
5518
5519
5519
5520
5521
5522
5523
5523
5524
5525
5526
5528
5528
5528
5531
5532
5532
5533
5533
5533
5534
5534
5535
5536
5537
5537
5538
5538
5538
5539
5539
5540
5541
5541
5542
5545
5546
5547
5548
5551
5555
5555
5557
5557
5558
5559
5561
5561
5562
5563
5563
5563
5564
5564
5565
5566
5569
5570
5571
5571
5572
5572
5574
5576
5576
5577
5577
5578
5578
5579
5579
5580
5580
5583
5583
5584
5584
5586
5589
5591
5595
5595
5596
5597
5599
5601
5606
5606
5606
5607
5607
5609
5610
5610
5610
5611
5613
5618
5618
5621
5621
5621
5622
5622
5626
5627
5627
5628
5631
5632
5633
5633
5634
5636
5638
5640
5640
5641
5643
5644
5645
5648
5652
5653
5654
5656
5656
5658
5658
5659
5659
5659
5660
5660
5662
5663
5666
5667
5668
5668
5669
5671
5671
5672
5673
5674
5676
5678
5679
5680
5680
5681
5685
5685
5685
5686
5687
5689
5690
5692
5693
5693
5694
5695
5698
5698
5698
5699
5700
5700
5705
5705
5708
5709
5711
5713
5715
5715
5716
5717
5718
5718
5723
5724
5726
5726
5727
5727
5727
5729
5729
5729
5731
5732
5732
5732
5733
5734
5735
5736
5737
5737
5737
5737
5739
5741
5744
5744
5746
5748
5748
5749
5749
5751
5754
5755
5755
5756
5757
5757
5758
5759
5759
5762
5763
5765
5766
5767
5767
5767
5767
5768
5768
5769
5770
5774
5776
5777
5781
5784
5785
5785
5785
5786
5788
5791
5792
5793
5793
5794
5795
5797
5797
5798
5799
5800
5802
5803
5806
5806
5806
5807
5807
5811
5812
5812
5813
5813
5814
5814
5815
5817
5817
5817
5818
5818
5819
5822
5822
5824
5825
5827
5828
5830
5832
5834
5834
5835
5836
5838
5838
5838
5839
5839
5839
5840
5841
5844
5844
5846
5847
5849
5850
5853
5855
5856
5856
5857
5858
5859
5860
5860
5861
5861
5862
5862
5863
5863
5864
5865
5866
5868
5869
5871
5872
5874
5874
5877
5878
5878
5882
5883
5883
5884
5890
5890
5891
5892
5895
5897
5897
5897
5899
5899
5901
5901
5902
5902
5903
5904
5905
5907
5908
5909
5910
5910
5911
5913
5914
5914
5915
5915
5916
5918
5919
5920
5920
5921
5921
5924
5925
5928
5929
5930
5932
5932
5933
5936
5936
5936
5937
5938
5938
5939
5941
5942
5942
5944
5944
5945
5946
5947
5947
5948
5953
5955
5955
5956
5956
5961
5961
5963
5964
5964
5967
5968
5968
5968
5969
5970
5970
5971
5971
5971
5971
5972
5975
5976
5976
5976
5977
5978
5980
5982
5984
5984
5984
5984
5985
5986
5986
5989
5990
5991
5991
5996
5996
5999
6000
6000
6002
6003
6003
6004
6006
6007
6007
6009
6011
6011
6011
6012
6013
6014
6017
6017
6018
6019
6020
6021
6023
6024
6024
6024
6026
6031
6031
6032
6034
6034
6038
6039
6039
6042
6042
6044
6044
6044
6045
6045
6045
6045
6045
6047
6047
6047
6050
6051
6052
6052
6052
6053
6053
6053
6054
6054
6054
6054
6055
6056
6057
6058
6060
6061
6061
6062
6062
6063
6063
6065
6065
6067
6067
6068
6070
6071
6071
6071
6072
6073
6073
6074
6076
6077
6079
6080
6081
6082
6082
6083
6083
6084
6084
6085
6088
6090
6090
6091
6091
6092
6094
6094
6096
6096
6097
6098
6098
6102
6103
6103
6103
6104
6104
6104
6105
6106
6108
6108
6109
6110
6110
6110
6111
6112
6114
6114
6115
6115
6116
6116
6117
6120
6120
6121
6124
6125
6125
6129
6129
6130
6133
6133
6134
6135
6135
6135
6136
6136
6137
6137
6140
6140
6141
6141
6142
6143
6143
6144
6144
6146
6148
6148
6148
6149
6151
6154
6155
6157
6157
6158
6159
6160
6160
6161
6163
6164
6164
6164
6164
6166
6168
6172
6172
6174
6175
6175
6178
6178
6182
6185
6189
6191
6191
6192
6192
6192
6192
6195
6196
6196
6196
6198
6198
6198
6200
6202
6204
6205
6207
6208
6208
6209
6209
6209
6212
6212
6214
6215
6215
6216
6216
6217
6217
6218
6218
6219
6220
6222
6222
6223
6223
6223
6224
6226
6226
6227
6227
6228
6228
6230
6231
6232
6233
6233
6233
6234
6234
6235
6236
6239
6239
6240
6240
6242
6242
6242
6243
6245
6246
6246
6248
6248
6249
6252
6252
6253
6254
6256
6257
6257
6257
6257
6258
6259
6259
6260
6261
6261
6261
6261
6261
6262
6262
6262
6264
6264
6266
6267
6268
6272
6273
6273
6274
6274
6276
6276
6277
6277
6280
6280
6280
6284
6285
6288
6289
6289
6291
6293
6294
6296
6297
6298
6300
6300
6301
6304
6304
6306
6306
6307
6309
6310
6310
6311
6312
6312
6313
6314
6316
6317
6318
6318
6320
6321
6322
6322
6323
6325
6326
6330
6332
6334
6334
6334
6337
6337
6337
6337
6340
6343
6343
6343
6343
6345
6345
6346
6347
6349
6349
6349
6350
6351
6354
6354
6356
6357
6357
6359
6359
6360
6360
6361
6362
6363
6364
6365
6366
6366
6367
6367
6367
6368
6370
6370
6370
6371
6371
6371
6372
6372
6372
6374
6374
6377
6377
6379
6381
6385
6386
6388
6389
6393
6394
6394
6396
6397
6399
6399
6399
6399
6400
6402
6403
6404
6404
6406
6406
6409
6411
6412
6412
6413
6414
6414
6414
6415
6415
6416
6417
6420
6422
6422
6423
6424
6427
6427
6428
6428
6429
6429
6429
6431
6431
6433
6433
6435
6436
6437
6437
6440
6440
6440
6442
6442
6442
6442
6443
6444
6444
6446
6447
6450
6452
6453
6453
6453
6454
6454
6455
6455
6456
6457
6460
6460
6460
6463
6464
6465
6466
6466
6469
6469
6469
6471
6472
6473
6479
6480
6481
6481
6481
6481
6482
6483
6484
6484
6484
6485
6485
6486
6487
6487
6488
6489
6490
6490
6492
6494
6494
6496
6496
6498
6499
6500
6501
6503
6504
6510
6511
6512
6515
6515
6515
6517
6517
6517
6517
6518
6518
6519
6519
6519
6519
6523
6523
6523
6523
6524
6526
6527
6528
6529
6529
6529
6529
6530
6530
6534
6534
6534
6535
6536
6536
6536
6538
6541
6542
6543
6543
6543
6544
6545
6545
6546
6548
6548
6548
6549
6549
6550
6550
6551
6551
6552
6554
6554
6554
6555
6558
6558
6559
6560
6561
6563
6563
6564
6564
6564
6567
6567
6568
6569
6570
6571
6572
6572
6573
6573
6575
6577
6577
6578
6579
6580
6580
6581
6581
6581
6582
6582
6584
6584
6585
6586
6588
6589
6589
6590
6590
6594
6595
6596
6598
6598
6599
6599
6599
6600
6600
6601
6603
6604
6606
6606
6607
6609
6614
6615
6616
6617
6618
6620
6620
6621
6622
6622
6623
6623
6624
6624
6625
6626
6627
6630
6634
6635
6635
6636
6636
6636
6636
6637
6637
6638
6640
6641
6643
6644
6645
6646
6646
6646
6647
6648
6648
6649
6650
6650
6650
6651
6651
6652
6652
6653
6653
6654
6654
6654
6655
6655
6656
6658
6659
6660
6661
6661
6663
6664
6665
6665
6666
6667
6667
6668
6668
6668
6668
6669
6669
6669
6669
6672
6672
6673
6673
6674
6674
6675
6675
6675
6676
6676
6676
6676
6677
6678
6678
6679
6679
6679
6679
6681
6681
6681
6683
6683
6685
6685
6687
6687
6689
6694
6694
6695
6695
6696
6697
6699
6699
6700
6700
6701
6702
6703
6705
6706
6706
6706
6707
6708
6709
6709
6709
6710
6710
6711
6711
6715
6717
6718
6718
6720
6722
6722
6723
6724
6724
6725
6725
6726
6727
6728
6730
6731
6731
6732
6733
6733
6733
6734
6735
6736
6737
6737
6740
6740
6741
6743
6743
6744
6745
6746
6746
6746
6747
6748
6748
6749
6754
6755
6755
6757
6759
6760
6761
6761
6761
6763
6764
6764
6764
6765
6765
6765
6766
6766
6766
6767
6767
6768
6769
6770
6771
6773
6774
6776
6777
6778
6779
6780
6780
6781
6781
6781
6782
6783
6784
6784
6784
6785
6785
6786
6786
6788
6788
6788
6790
6791
6791
6791
6794
6795
6796
6797
6798
6798
6799
6799
6799
6800
6800
6800
6800
6800
6801
6802
6803
6803
6805
6806
6806
6807
6807
6809
6809
6809
6810
6811
6812
6813
6815
6815
6816
6816
6816
6817
6818
6820
6821
6821
6823
6824
6824
6826
6829
6830
6830
6830
6831
6831
6831
6834
6837
6837
6838
6839
6841
6843
6843
6845
6848
6850
6851
6851
6853
6853
6853
6854
6855
6855
6856
6856
6857
6857
6859
6859
6860
6860
6862
6862
6864
6871
6873
6873
6875
6877
6877
6878
6878
6878
6878
6879
6880
6881
6881
6885
6887
6887
6890
6890
6891
6892
6893
6894
6894
6896
6898
6898
6898
6899
6899
6900
6900
6902
6903
6904
6905
6907
6908
6909
6911
6912
6914
6914
6915
6915
6915
6918
6918
6919
6919
6919
6920
6925
6925
6925
6926
6928
6929
6929
6930
6932
6932
6935
6936
6938
6939
6940
6940
6941
6941
6942
6942
6943
6943
6944
6946
6946
6947
6954
6955
6955
6956
6959
6961
6962
6962
6963
6963
6964
6966
6966
6969
6971
6973
6973
6976
6978
6978
6978
6979
6979
6980
6980
6981
6982
6982
6985
6985
6987
6989
6989
6990
6990
6991
6991
6993
6993
6993
6994
6996
6999
6999
7002
7005
7007
7007
7008
7008
7008
7009
7009
7009
7010
7013
7013
7014
7014
7014
7015
7016
7019
7022
7023
7024
7024
7025
7028
7028
7028
7029
7030
7030
7032
7032
7033
7033
7035
7035
7036
7037
7037
7037
7040
7040
7041
7042
7042
7044
7045
7045
7045
7046
7048
7048
7050
7052
7053
7053
7053
7053
7056
7058
7059
7061
7061
7061
7062
7065
7066
7066
7069
7069
7071
7072
7072
7072
7073
7073
7073
7073
7074
7074
7075
7075
7077
7077
7080
7082
7083
7084
7084
7085
7088
7089
7091
7092
7092
7093
7093
7093
7093
7094
7097
7100
7101
7102
7102
7103
7105
7107
7108
7111
7114
7116
7120
7121
7124
7124
7126
7128
7129
7130
7130
7131
7131
7132
7132
7134
7134
7135
7138
7141
7141
7142
7142
7143
7147
7147
7148
7150
7156
7156
7158
7159
7162
7163
7164
7164
7165
7165
7165
7165
7165
7166
7166
7166
7167
7167
7167
7168
7168
7169
7171
7172
7174
7176
7177
7177
7178
7179
7179
7182
7183
7183
7184
7185
7186
7186
7186
7187
7187
7187
7188
7190
7192
7195
7198
7198
7199
7200
7201
7202
7203
7203
7204
7207
7210
7211
7215
7215
7217
7219
7219
7221
7221
7221
7221
7221
7222
7222
7223
7225
7226
7227
7229
7230
7231
7232
7234
7236
7236
7239
7243
7243
7244
7245
7248
7248
7249
7249
7250
7250
7250
7251
7252
7256
7256
7256
7261
7261
7263
7263
7263
7264
7264
7265
7266
7267
7267
7268
7269
7270
7271
7272
7273
7274
7275
7275
7276
7276
7277
7277
7277
7279
7280
7280
7281
7281
7282
7282
7283
7291
7292
7293
7294
7294
7294
7295
7297
7298
7300
7302
7303
7307
7308
7308
7311
7313
7313
7314
7315
7315
7316
7318
7321
7321
7322
7323
7324
7325
7325
7325
7325
7326
7326
7326
7326
7327
7327
7328
7328
7330
7331
7331
7331
7335
7336
7337
7341
7341
7341
7342
7343
7343
7344
7345
7345
7345
7346
7346
7347
7349
7352
7353
7358
7358
7359
7360
7360
7362
7364
7365
7366
7366
7367
7370
7370
7372
7372
7372
7373
7374
7374
7375
7375
7377
7378
7378
7380
7385
7385
7386
7386
7386
7388
7389
7390
7392
7393
7395
7396
7398
7399
7401
7401
7402
7402
7402
7403
7403
7403
7406
7407
7409
7410
7410
7411
7411
7414
7414
7416
7417
7417
7417
7417
7417
7418
7419
7421
7421
7421
7423
7423
7424
7428
7428
7428
7432
7433
7433
7436
7436
7436
7439
7439
7440
7440
7443
7444
7445
7446
7447
7448
7451
7452
7456
7457
7458
7458
7459
7459
7460
7463
7464
7465
7466
7467
7468
7468
7469
7472
7472
7472
7473
7476
7477
7478
7480
7481
7482
7484
7484
7486
7487
7489
7490
7490
7492
7492
7493
7496
7497
7497
7498
7498
7498
7498
7500
7502
7504
7504
7505
7506
7506
7510
7513
7514
7514
7518
7520
7522
7522
7523
7524
7524
7524
7524
7526
7527
7527
7527
7528
7529
7530
7533
7533
7534
7537
7539
7539
7544
7544
7544
7545
7545
7545
7546
7546
7547
7548
7550
7554
7554
7555
7555
7556
7557
7558
7561
7564
7564
7565
7567
7567
7568
7568
7569
7573
7574
7576
7580
7580
7582
7583
7586
7587
7588
7588
7588
7591
7591
7591
7592
7592
7593
7593
7594
7594
7594
7595
7596
7597
7598
7600
7601
7602
7603
7603
7603
7603
7604
7604
7605
7607
7608
7611
7612
7614
7615
7616
7617
7618
7619
7622
7623
7623
7624
7625
7625
7625
7626
7626
7628
7628
7629
7629
7629
7629
7629
7630
7631
7632
7634
7635
7637
7639
7639
7642
7642
7643
7644
7645
7645
7646
7646
7648
7649
7649
7649
7651
7652
7655
7656
7657
7657
7657
7660
7660
7663
7664
7665
7665
7666
7669
7669
7669
7670
7670
7672
7673
7674
7674
7676
7676
7677
7678
7678
7680
7680
7681
7682
7683
7684
7684
7685
7686
7687
7688
7688
7689
7691
7691
7692
7692
7694
7696
7696
7697
7697
7698
7699
7703
7703
7703
7705
7706
7706
7708
7709
7711
7713
7713
7715
7716
7717
7718
7719
7720
7721
7721
7725
7726
7726
7727
7727
7727
7728
7731
7732
7732
7733
7735
7737
7737
7738
7738
7739
7739
7741
7741
7741
7741
7741
7741
7743
7744
7745
7747
7747
7748
7749
7749
7750
7750
7750
7751
7752
7755
7759
7760
7760
7761
7761
7762
7763
7763
7763
7766
7766
7767
7768
7768
7768
7768
7769
7770
7770
7771
7772
7772
7772
7772
7773
7775
7776
7777
7777
7777
7777
7778
7779
7779
7779
7780
7780
7780
7781
7781
7782
7782
7784
7784
7784
7785
7787
7787
7789
7789
7790
7791
7791
7792
7793
7796
7797
7797
7798
7798
7799
7799
7801
7802
7802
7803
7803
7806
7806
7807
7807
7808
7810
7811
7812
7812
7813
7816
7818
7818
7819
7821
7821
7823
7824
7824
7826
7826
7826
7827
7828
7829
7831
7831
7832
7832
7833
7834
7836
7837
7837
7838
7839
7840
7840
7841
7842
7842
7843
7844
7846
7848
7849
7849
7850
7850
7851
7852
7854
7856
7856
7858
7862
7862
7865
7867
7867
7867
7868
7869
7873
7874
7875
7876
7878
7879
7884
7885
7887
7887
7888
7891
7893
7893
7896
7896
7898
7899
7900
7900
7901
7901
7901
7901
7903
7903
7904
7905
7906
7907
7907
7907
7910
7911
7914
7914
7914
7914
7915
7917
7919
7919
7919
7922
7924
7924
7925
7928
7929
7930
7932
7932
7937
7937
7937
7937
7939
7942
7944
7944
7944
7945
7946
7946
7948
7949
7949
7951
7951
7952
7955
7956
7956
7958
7958
7958
7959
7960
7962
7963
7964
7965
7966
7967
7968
7969
7970
7972
7974
7974
7976
7980
7980
7980
7981
7982
7982
7983
7984
7988
7988
7989
7990
7992
7992
7993
7996
7997
7997
7998
8001
8002
8002
8004
8005
8006
8009
8010
8010
8010
8011
8012
8012
8012
8013
8014
8014
8015
8015
8016
8017
8017
8020
8020
8021
8021
8022
8022
8023
8023
8023
8024
8025
8026
8027
8028
8028
8029
8030
8030
8031
8032
8032
8033
8033
8033
8036
8039
8040
8040
8041
8041
8042
8042
8044
8045
8047
8047
8049
8049
8050
8050
8050
8050
8051
8053
8054
8057
8057
8058
8058
8058
8059
8059
8062
8063
8063
8065
8066
8066
8066
8067
8067
8067
8067
8068
8068
8069
8072
8072
8073
8073
8074
8075
8076
8076
8078
8079
8079
8082
8085
8086
8087
8089
8091
8092
8093
8094
8095
8095
8096
8097
8097
8098
8098
8099
8099
8100
8102
8102
8103
8108
8109
8109
8109
8111
8112
8113
8113
8114
8115
8116
8116
8116
8117
8118
8118
8118
8119
8119
8121
8124
8124
8124
8124
8125
8125
8126
8126
8127
8128
8128
8129
8130
8130
8131
8131
8133
8134
8135
8136
8136
8137
8137
8138
8138
8139
8140
8142
8144
8145
8145
8145
8146
8147
8151
8153
8154
8154
8155
8156
8158
8159
8160
8161
8162
8162
8165
8165
8166
8168
8168
8172
8172
8172
8173
8174
8175
8175
8175
8175
8176
8176
8177
8178
8178
8180
8180
8181
8182
8184
8185
8185
8187
8190
8190
8191
8191
8191
8191
